1132.1979148076273,25
1043.2415691511317,23
1029.948688999264,23
969.9149147703243,22
969.9149147703243,22
969.9149147703243,22
951.3063308459696,21
911.3747372289049,20
911.3747372289049,20
911.3747372289049,20
882.3551714599258,18
859.5484682020993,17
846.7822962877843,16
846.7822962877843,16
842.3341620160874,17
826.1335824309865,16
826.1335824309865,16
799.8104342613212,17
795.113878656041,13
795.113878656041,13
788.4578803625203,15
765.6157355473302,12
765.6157355473302,12
738.8517350981815,13
727.3905572452693,12
727.3905572452693,12
727.3905572452693,12
727.3905572452693,12
727.3905572452693,12
727.3905572452693,12
711.4643612773104,13
711.4643612773104,13
692.5176891046013,12
692.5176891046013,12
679.410600203382,12
679.410600203382,12
648.1913021156117,11
648.1913021156117,11
648.1913021156117,11
648.1913021156117,11
625.5043072308029,11
625.5043072308029,11
625.5043072308029,11
625.5043072308029,11
616.8328170921181,11
585.205201804876,10
585.205201804876,10
585.205201804876,10
571.7775703507411,9
571.7775703507411,9
571.7775703507411,9
571.7775703507411,9
571.7775703507411,9
571.7775703507411,9
571.7775703507411,9
571.7775703507411,9
571.7775703507411,9
558.3421184414849,8
523.4674161427098,7
523.4674161427098,7
523.4674161427098,7
523.4674161427098,7
523.4674161427098,7
523.4674161427098,7
523.4674161427098,7
516.1567712306496,9
510.03225573405246,8
510.03225573405246,8
498.6850943656808,6
498.6850943656808,6
498.6850943656808,6
498.6850943656808,6
498.6850943656808,6
497.5603964770464,6
497.5603964770464,6
497.5603964770464,6
497.5603964770464,6
497.5603964770464,6
497.5603964770464,6
477.4756441613654,8
472.93565110625116,8
472.93565110625116,8
472.93565110625116,8
472.93565110625116,8
472.93565110625116,8
472.93565110625116,8
472.93565110625116,8
464.8476560627572,7
460.31375849140545,7
460.31375849140545,7
460.31375849140545,7
460.31375849140545,7
453.518260406923,7
444.8240380176692,7
444.8240380176692,7
444.8240380176692,7
444.8240380176692,7
444.8240380176692,7
444.8240380176692,7
444.8240380176692,7
444.8240380176692,7
444.8240380176692,7
444.8240380176692,7
444.8240380176692,7
444.8240380176692,7
444.8240380176692,7
444.8240380176692,7
444.8240380176692,7
431.9467389738182,6
431.9467389738182,6
431.9467389738182,6
431.9467389738182,6
431.9467389738182,6
431.9467389738182,6
431.9467389738182,6
431.9467389738182,6
431.9467389738182,6
430.13726795635273,7
430.13726795635273,7
430.13726795635273,7
430.13726795635273,7
430.13726795635273,7
430.13726795635273,7
430.13726795635273,7
430.13726795635273,7
425.15837741251437,6
425.15837741251437,6
425.15837741251437,6
425.15837741251437,6
425.15837741251437,6
425.15837741251437,6
425.15837741251437,6
425.15837741251437,6
425.15837741251437,6
425.15837741251437,6
425.15837741251437,6
425.15837741251437,6
425.15837741251437,6
425.15837741251437,6
425.15837741251437,6
425.15837741251437,6
425.15837741251437,6
425.15837741251437,6
425.15837741251437,6
425.15837741251437,6
425.15837741251437,6
425.15837741251437,6
425.15837741251437,6
425.15837741251437,6
425.15837741251437,6
425.15837741251437,6
425.15837741251437,6
425.15837741251437,6
425.15837741251437,6
425.15837741251437,6
425.15837741251437,6
425.15837741251437,6
421.4969671686876,5
419.3217026089215,5
419.3217026089215,5
419.3217026089215,5
419.3217026089215,5
419.3217026089215,5
419.3217026089215,5
419.3217026089215,5
419.3217026089215,5
419.3217026089215,5
419.3217026089215,5
419.3217026089215,5
419.3217026089215,5
419.3217026089215,5
419.3217026089215,5
419.3217026089215,5
419.3217026089215,5
419.3217026089215,5
419.3217026089215,5
419.3217026089215,5
419.3217026089215,5
419.3217026089215,5
419.3217026089215,5
419.3217026089215,5
419.3217026089215,5
419.3217026089215,5
419.3217026089215,5
419.3217026089215,5
419.3217026089215,5
419.3217026089215,5
419.3217026089215,5
419.3217026089215,5
418.8150497527835,6
418.8150497527835,6
418.8150497527835,6
418.8150497527835,6
418.8150497527835,6
418.8150497527835,6
418.8150497527835,6
405.08063096759776,6
405.08063096759776,6
405.08063096759776,6
376.56252377619916,6
376.56252377619916,6
376.56252377619916,6
376.56252377619916,6
376.56252377619916,6
376.56252377619916,6
376.56252377619916,6
376.56252377619916,6
376.56252377619916,6
376.56252377619916,6
376.56252377619916,6
376.56252377619916,6
376.56252377619916,6
376.56252377619916,6
376.56252377619916,6
376.56252377619916,6
376.56252377619916,6
376.56252377619916,6
376.56252377619916,6
376.56252377619916,6
376.56252377619916,6
376.56252377619916,6
376.56252377619916,6
376.56252377619916,6
376.56252377619916,6
376.56252377619916,6
370.5239669557953,6
370.5239669557953,6
363.28546071152556,5
363.28546071152556,5
363.28546071152556,5
363.28546071152556,5
363.28546071152556,5
363.28546071152556,5
363.28546071152556,5
360.1985449434073,5
360.1985449434073,5
360.1985449434073,5
351.57041641766534,5
351.57041641766534,5
347.678361922853,5
347.678361922853,5
339.4907283666057,5
339.4907283666057,5
319.12716427882367,4
319.12716427882367,4
319.12716427882367,4
319.12716427882367,4
319.12716427882367,4
319.12716427882367,4
319.12716427882367,4
319.12716427882367,4
319.12716427882367,4
319.12716427882367,4
319.12716427882367,4
317.9783642178053,4
317.9783642178053,4
317.9783642178053,4
317.9783642178053,4
317.9783642178053,4
317.9783642178053,4
317.9783642178053,4
317.9783642178053,4
317.9783642178053,4
317.9783642178053,4
317.9783642178053,4
317.9783642178053,4
317.9783642178053,4
317.9783642178053,4
317.9783642178053,4
317.9783642178053,4
317.9783642178053,4
317.9783642178053,4
317.9783642178053,4
317.9783642178053,4
317.9783642178053,4
317.9783642178053,4
317.9783642178053,4
317.9783642178053,4
317.9783642178053,4
317.9783642178053,4
317.9783642178053,4
317.9783642178053,4
317.9783642178053,4
317.9783642178053,4
317.9783642178053,4
317.9783642178053,4
317.9783642178053,4
317.9783642178053,4
317.9783642178053,4
315.3327777602218,4
315.3327777602218,4
315.3327777602218,4
315.3327777602218,4
315.3327777602218,4
315.3327777602218,4
315.3327777602218,4
315.3327777602218,4
315.3327777602218,4
315.3327777602218,4
315.3327777602218,4
315.3327777602218,4
315.3327777602218,4
315.3327777602218,4
315.3327777602218,4
315.3327777602218,4
315.3327777602218,4
315.3327777602218,4
315.3327777602218,4
315.3327777602218,4
315.3327777602218,4
315.3327777602218,4
315.3327777602218,4
315.3327777602218,4
315.3327777602218,4
315.3327777602218,4
315.3327777602218,4
315.3327777602218,4
315.3327777602218,4
315.3327777602218,4
315.3327777602218,4
315.3327777602218,4
315.3327777602218,4
315.3327777602218,4
315.3327777602218,4
315.3327777602218,4
315.3327777602218,4
315.3327777602218,4
315.3327777602218,4
315.3327777602218,4
315.3327777602218,4
315.3327777602218,4
315.3327777602218,4
315.3327777602218,4
315.3327777602218,4
305.9357138702352,4
305.9357138702352,4
305.9357138702352,4
305.9357138702352,4
305.9357138702352,4
305.9357138702352,4
305.9357138702352,4
305.9357138702352,4
305.9357138702352,4
299.15506328692067,4
299.15506328692067,4
299.15506328692067,4
299.15506328692067,4
299.15506328692067,4
299.15506328692067,4
299.15506328692067,4
299.15506328692067,4
299.15506328692067,4
299.15506328692067,4
299.15506328692067,4
299.15506328692067,4
299.15506328692067,4
299.15506328692067,4
299.15506328692067,4
299.15506328692067,4
299.15506328692067,4
299.15506328692067,4
299.15506328692067,4
299.15506328692067,4
299.15506328692067,4
299.15506328692067,4
299.15506328692067,4
299.15506328692067,4
299.15506328692067,4
299.15506328692067,4
299.15506328692067,4
299.15506328692067,4
299.15506328692067,4
299.15506328692067,4
299.15506328692067,4
299.15506328692067,4
299.15506328692067,4
299.15506328692067,4
299.15506328692067,4
299.15506328692067,4
299.15506328692067,4
299.15506328692067,4
299.15506328692067,4
299.15506328692067,4
299.15506328692067,4
299.15506328692067,4
299.15506328692067,4
299.15506328692067,4
299.15506328692067,4
299.15506328692067,4
299.15506328692067,4
299.15506328692067,4
299.15506328692067,4
299.15506328692067,4
299.15506328692067,4
299.15506328692067,4
299.15506328692067,4
299.15506328692067,4
299.15506328692067,4
299.15506328692067,4
299.15506328692067,4
299.15506328692067,4
299.15506328692067,4
299.15506328692067,4
299.15506328692067,4
299.15506328692067,4
299.15506328692067,4
299.15506328692067,4
299.15506328692067,4
297.62853354249006,4
297.62853354249006,4
297.62853354249006,4
297.62853354249006,4
296.60713667489887,4
296.60713667489887,4
296.60713667489887,4
296.60713667489887,4
296.60713667489887,4
296.60713667489887,4
296.60713667489887,4
296.60713667489887,4
296.60713667489887,4
296.60713667489887,4
296.60713667489887,4
296.60713667489887,4
296.60713667489887,4
296.60713667489887,4
294.4168638447829,4
294.4168638447829,4
283.34432475203783,4
283.34432475203783,4
283.34432475203783,4
283.34432475203783,4
283.34432475203783,4
283.34432475203783,4
283.34432475203783,4
283.34432475203783,4
283.34432475203783,4
283.34432475203783,4
283.34432475203783,4
283.34432475203783,4
283.34432475203783,4
283.34432475203783,4
283.34432475203783,4
283.34432475203783,4
283.34432475203783,4
283.34432475203783,4
283.34432475203783,4
283.34432475203783,4
283.34432475203783,4
283.34432475203783,4
283.34432475203783,4
283.34432475203783,4
283.34432475203783,4
283.34432475203783,4
283.34432475203783,4
283.34432475203783,4
283.34432475203783,4
283.34432475203783,4
283.34432475203783,4
283.34432475203783,4
283.34432475203783,4
283.34432475203783,4
283.34432475203783,4
283.34432475203783,4
283.34432475203783,4
283.34432475203783,4
283.34432475203783,4
283.34432475203783,4
283.34432475203783,4
283.34432475203783,4
283.34432475203783,4
283.34432475203783,4
283.34432475203783,4
283.34432475203783,4
283.34432475203783,4
283.34432475203783,4
283.34432475203783,4
283.34432475203783,4
283.34432475203783,4
283.34432475203783,4
283.34432475203783,4
283.34432475203783,4
283.34432475203783,4
283.34432475203783,4
283.34432475203783,4
283.34432475203783,4
283.34432475203783,4
283.34432475203783,4
283.34432475203783,4
283.34432475203783,4
283.34432475203783,4
283.34432475203783,4
283.34432475203783,4
283.34432475203783,4
283.34432475203783,4
283.34432475203783,4
283.34432475203783,4
283.34432475203783,4
283.34432475203783,4
283.34432475203783,4
283.34432475203783,4
283.34432475203783,4
283.34432475203783,4
283.34432475203783,4
283.34432475203783,4
283.34432475203783,4
283.34432475203783,4
283.34432475203783,4
283.34432475203783,4
283.34432475203783,4
283.34432475203783,4
283.34432475203783,4
283.34432475203783,4
283.34432475203783,4
283.34432475203783,4
283.34432475203783,4
283.34432475203783,4
283.34432475203783,4
283.34432475203783,4
283.34432475203783,4
283.34432475203783,4
283.34432475203783,4
283.34432475203783,4
283.34432475203783,4
283.34432475203783,4
283.34432475203783,4
283.34432475203783,4
283.34432475203783,4
283.34432475203783,4
283.34432475203783,4
283.34432475203783,4
283.34432475203783,4
283.34432475203783,4
283.34432475203783,4
283.34432475203783,4
283.34432475203783,4
283.34432475203783,4
283.34432475203783,4
283.34432475203783,4
283.34432475203783,4
283.34432475203783,4
283.34432475203783,4
283.34432475203783,4
283.34432475203783,4
283.34432475203783,4
283.34432475203783,4
283.34432475203783,4
283.34432475203783,4
283.34432475203783,4
283.34432475203783,4
283.34432475203783,4
283.34432475203783,4
283.34432475203783,4
283.34432475203783,4
283.34432475203783,4
283.34432475203783,4
283.34432475203783,4
283.34432475203783,4
283.34432475203783,4
283.34432475203783,4
283.34432475203783,4
283.34432475203783,4
283.34432475203783,4
283.34432475203783,4
283.34432475203783,4
283.34432475203783,4
283.34432475203783,4
283.34432475203783,4
283.34432475203783,4
283.34432475203783,4
283.34432475203783,4
283.34432475203783,4
283.34432475203783,4
283.34432475203783,4
283.34432475203783,4
283.34432475203783,4
283.34432475203783,4
283.34432475203783,4
283.34432475203783,4
283.34432475203783,4
283.34432475203783,4
283.34432475203783,4
283.34432475203783,4
283.34432475203783,4
283.34432475203783,4
283.34432475203783,4
283.34432475203783,4
283.34432475203783,4
283.34432475203783,4
283.34432475203783,4
283.34432475203783,4
283.34432475203783,4
283.34432475203783,4
283.34432475203783,4
283.34432475203783,4
283.34432475203783,4
283.34432475203783,4
283.34432475203783,4
283.34432475203783,4
283.34432475203783,4
283.34432475203783,4
283.34432475203783,4
283.34432475203783,4
283.34432475203783,4
283.34432475203783,4
283.34432475203783,4
283.34432475203783,4
283.34432475203783,4
283.34432475203783,4
283.34432475203783,4
283.34432475203783,4
283.34432475203783,4
283.34432475203783,4
283.34432475203783,4
283.34432475203783,4
283.34432475203783,4
283.34432475203783,4
283.34432475203783,4
283.34432475203783,4
283.34432475203783,4
283.34432475203783,4
283.34432475203783,4
283.34432475203783,4
283.34432475203783,4
283.34432475203783,4
283.34432475203783,4
283.34432475203783,4
283.34432475203783,4
283.34432475203783,4
283.34432475203783,4
283.34432475203783,4
283.34432475203783,4
283.34432475203783,4
283.34432475203783,4
283.34432475203783,4
283.34432475203783,4
283.34432475203783,4
283.34432475203783,4
283.34432475203783,4
283.34432475203783,4
283.34432475203783,4
283.34432475203783,4
283.34432475203783,4
283.34432475203783,4
283.34432475203783,4
283.34432475203783,4
283.34432475203783,4
283.34432475203783,4
283.34432475203783,4
283.34432475203783,4
283.34432475203783,4
283.34432475203783,4
283.34432475203783,4
283.34432475203783,4
283.34432475203783,4
283.34432475203783,4
283.34432475203783,4
283.34432475203783,4
283.34432475203783,4
283.34432475203783,4
283.34432475203783,4
283.34432475203783,4
283.34432475203783,4
283.34432475203783,4
283.34432475203783,4
283.34432475203783,4
283.34432475203783,4
283.34432475203783,4
283.34432475203783,4
283.34432475203783,4
283.34432475203783,4
283.34432475203783,4
283.34432475203783,4
283.34432475203783,4
283.34432475203783,4
283.34432475203783,4
283.34432475203783,4
283.34432475203783,4
283.34432475203783,4
283.34432475203783,4
283.34432475203783,4
283.34432475203783,4
283.34432475203783,4
283.34432475203783,4
283.34432475203783,4
283.34432475203783,4
283.34432475203783,4
283.34432475203783,4
283.34432475203783,4
283.34432475203783,4
283.34432475203783,4
283.34432475203783,4
283.34432475203783,4
283.34432475203783,4
283.34432475203783,4
283.34432475203783,4
283.34432475203783,4
283.34432475203783,4
283.34432475203783,4
283.34432475203783,4
283.34432475203783,4
283.34432475203783,4
283.34432475203783,4
283.34432475203783,4
283.34432475203783,4
283.34432475203783,4
283.34432475203783,4
283.34432475203783,4
283.34432475203783,4
283.34432475203783,4
283.34432475203783,4
283.34432475203783,4
283.34432475203783,4
283.34432475203783,4
283.34432475203783,4
283.34432475203783,4
283.34432475203783,4
283.34432475203783,4
283.34432475203783,4
283.34432475203783,4
283.34432475203783,4
283.34432475203783,4
283.34432475203783,4
283.34432475203783,4
283.34432475203783,4
283.34432475203783,4
283.34432475203783,4
283.34432475203783,4
283.34432475203783,4
283.34432475203783,4
283.34432475203783,4
283.34432475203783,4
283.34432475203783,4
283.34432475203783,4
283.34432475203783,4
283.34432475203783,4
283.34432475203783,4
283.34432475203783,4
283.34432475203783,4
283.34432475203783,4
283.34432475203783,4
283.34432475203783,4
283.34432475203783,4
283.34432475203783,4
283.34432475203783,4
283.34432475203783,4
283.34432475203783,4
283.34432475203783,4
283.34432475203783,4
283.34432475203783,4
283.34432475203783,4
283.34432475203783,4
283.34432475203783,4
283.34432475203783,4
283.34432475203783,4
283.34432475203783,4
283.34432475203783,4
283.34432475203783,4
283.34432475203783,4
283.34432475203783,4
283.34432475203783,4
283.34432475203783,4
283.34432475203783,4
283.34432475203783,4
283.34432475203783,4
283.34432475203783,4
283.34432475203783,4
283.34432475203783,4
283.34432475203783,4
283.34432475203783,4
283.34432475203783,4
283.34432475203783,4
283.34432475203783,4
283.34432475203783,4
282.7979597030069,4
282.7979597030069,4
282.7979597030069,4
282.7979597030069,4
282.7979597030069,4
282.7979597030069,4
282.7979597030069,4
282.7979597030069,4
282.7979597030069,4
282.7979597030069,4
282.7979597030069,4
282.7979597030069,4
282.7979597030069,4
282.7979597030069,4
282.7979597030069,4
282.7979597030069,4
282.7979597030069,4
282.7979597030069,4
282.7979597030069,4
282.7979597030069,4
282.7979597030069,4
279.82351531395153,4
279.82351531395153,4
279.82351531395153,4
279.82351531395153,4
279.82351531395153,4
279.82351531395153,4
279.82351531395153,4
279.82351531395153,4
279.82351531395153,4
279.82351531395153,4
279.82351531395153,4
279.82351531395153,4
279.82351531395153,4
279.82351531395153,4
279.82351531395153,4
279.82351531395153,4
279.82351531395153,4
279.82351531395153,4
279.82351531395153,4
279.82351531395153,4
279.82351531395153,4
279.82351531395153,4
279.82351531395153,4
279.82351531395153,4
279.82351531395153,4
279.82351531395153,4
279.82351531395153,4
279.82351531395153,4
279.82351531395153,4
279.82351531395153,4
279.82351531395153,4
279.82351531395153,4
279.82351531395153,4
279.82351531395153,4
279.82351531395153,4
279.82351531395153,4
279.82351531395153,4
279.82351531395153,4
279.82351531395153,4
279.7989302554439,4
279.7989302554439,4
279.7989302554439,4
279.7989302554439,4
279.7989302554439,4
279.7989302554439,4
279.7989302554439,4
279.7989302554439,4
279.7989302554439,4
279.7989302554439,4
279.7989302554439,4
258.7165863791512,4
258.7165863791512,4
254.36822016120001,4
254.36822016120001,4
254.36822016120001,4
254.36822016120001,4
254.36822016120001,4
254.36822016120001,4
254.36822016120001,4
254.36822016120001,4
254.36822016120001,4
254.36822016120001,4
254.36822016120001,4
254.36822016120001,4
254.36822016120001,4
254.36822016120001,4
253.13206725236913,3
253.13206725236913,3
251.82108886190096,4
251.82108886190096,4
245.7823904943322,4
245.7823904943322,4
245.7823904943322,4
245.7823904943322,4
245.7823904943322,4
245.7823904943322,4
245.7823904943322,4
245.7823904943322,4
245.7823904943322,4
245.7823904943322,4
245.7823904943322,4
245.7823904943322,4
245.7823904943322,4
245.7823904943322,4
245.7823904943322,4
245.7823904943322,4
245.7823904943322,4
245.7823904943322,4
245.7823904943322,4
245.7823904943322,4
245.7823904943322,4
245.7823904943322,4
245.7823904943322,4
245.7823904943322,4
245.7823904943322,4
245.7823904943322,4
245.7823904943322,4
245.7823904943322,4
245.7823904943322,4
245.7823904943322,4
245.7823904943322,4
245.7823904943322,4
245.7823904943322,4
245.7823904943322,4
245.7823904943322,4
245.7823904943322,4
245.7823904943322,4
245.7823904943322,4
245.7823904943322,4
245.7823904943322,4
245.7823904943322,4
245.7823904943322,4
245.7823904943322,4
245.7823904943322,4
245.7823904943322,4
245.7823904943322,4
245.7823904943322,4
245.7823904943322,4
245.7823904943322,4
245.7823904943322,4
245.7823904943322,4
245.7823904943322,4
245.7823904943322,4
245.7823904943322,4
245.7823904943322,4
245.7823904943322,4
245.7823904943322,4
245.7823904943322,4
245.7823904943322,4
245.7823904943322,4
245.7823904943322,4
245.7823904943322,4
245.7823904943322,4
245.7823904943322,4
245.7823904943322,4
245.7823904943322,4
245.7823904943322,4
245.7823904943322,4
245.7823904943322,4
245.7823904943322,4
245.7823904943322,4
245.7823904943322,4
245.7823904943322,4
245.7823904943322,4
245.7823904943322,4
245.7823904943322,4
245.7823904943322,4
235.33295806705445,4
235.33295806705445,4
235.33295806705445,4
235.33295806705445,4
235.33295806705445,4
235.33295806705445,4
235.33295806705445,4
235.33295806705445,4
235.33295806705445,4
235.33295806705445,4
235.33295806705445,4
235.33295806705445,4
235.33295806705445,4
234.99924466090394,3
234.99924466090394,3
234.99924466090394,3
234.99924466090394,3
234.99924466090394,3
234.99924466090394,3
234.99924466090394,3
234.99924466090394,3
234.99924466090394,3
234.99924466090394,3
234.99924466090394,3
234.99924466090394,3
234.99924466090394,3
234.99924466090394,3
234.99924466090394,3
234.99924466090394,3
234.99924466090394,3
234.99924466090394,3
234.99924466090394,3
234.99924466090394,3
234.99924466090394,3
234.99924466090394,3
234.99924466090394,3
234.99924466090394,3
234.99924466090394,3
221.04762439921853,3
221.04762439921853,3
221.04762439921853,3
221.04762439921853,3
221.04762439921853,3
221.04762439921853,3
221.04762439921853,3
221.04762439921853,3
221.04762439921853,3
221.04762439921853,3
221.04762439921853,3
221.04762439921853,3
221.04762439921853,3
221.04762439921853,3
221.04762439921853,3
221.04762439921853,3
221.04762439921853,3
221.04762439921853,3
221.04762439921853,3
221.04762439921853,3
