1132.1979148076273,25
1015.3234374354545,21
994.0994132629999,21
905.3253986769234,20
875.112994786268,19
875.112994786268,19
875.112994786268,19
875.112994786268,19
875.112994786268,19
875.112994786268,19
867.3427645070774,18
839.0475683130985,17
839.0475683130985,17
828.5144824408044,16
812.0633756463901,17
798.3317130303772,16
782.1919469908908,16
782.1919469908908,16
750.9914410774883,15
750.9914410774883,15
735.4812123604519,14
722.8150712252022,13
721.0952801072673,14
700.4430961333883,14
700.4430961333883,14
700.4430961333883,14
674.9732964579284,13
674.9732964579284,13
674.9732964579284,13
674.9732964579284,13
674.9732964579284,13
674.9732964579284,13
674.9732964579284,13
674.9732964579284,13
674.9732964579284,13
674.9732964579284,13
614.5993213276383,10
614.5993213276383,10
614.5993213276383,10
599.5273264627165,9
599.5273264627165,9
599.5273264627165,9
580.9347247817615,9
580.9347247817615,9
580.9347247817615,9
580.9347247817615,9
580.9347247817615,9
565.3591530839211,9
565.3591530839211,9
565.3591530839211,9
565.3591530839211,9
565.3591530839211,9
560.0869908518969,10
560.0869908518969,10
560.0869908518969,10
560.0869908518969,10
560.0869908518969,10
560.0869908518969,10
560.0869908518969,10
560.0869908518969,10
560.0869908518969,10
560.0869908518969,10
560.0869908518969,10
559.1325614233231,10
525.417282052993,9
525.417282052993,9
525.417282052993,9
525.417282052993,9
525.417282052993,9
525.417282052993,9
525.417282052993,9
525.417282052993,9
525.417282052993,9
525.417282052993,9
525.417282052993,9
525.417282052993,9
516.8088241984902,8
508.96866304653184,9
508.96866304653184,9
496.07357069640483,8
496.07357069640483,8
496.07357069640483,8
492.1742720577862,7
491.62417013319345,7
491.62417013319345,7
491.62417013319345,7
491.2651712783204,7
491.2651712783204,7
491.2651712783204,7
487.49241446788267,8
466.5613149838465,7
466.5613149838465,7
452.83445348033706,6
452.83445348033706,6
452.83445348033706,6
452.83445348033706,6
452.83445348033706,6
452.83445348033706,6
452.83445348033706,6
452.83445348033706,6
452.83445348033706,6
452.83445348033706,6
452.83445348033706,6
452.83445348033706,6
452.83445348033706,6
452.83445348033706,6
448.7139429403243,6
440.91143892946354,6
440.91143892946354,6
440.91143892946354,6
435.8800518418086,6
435.8800518418086,6
435.8800518418086,6
435.8800518418086,6
435.8800518418086,6
435.8800518418086,6
435.8800518418086,6
435.8800518418086,6
427.1448939159317,5
427.1448939159317,5
427.1448939159317,5
427.1448939159317,5
427.1448939159317,5
427.1448939159317,5
427.1448939159317,5
427.1448939159317,5
427.1448939159317,5
427.1448939159317,5
427.1448939159317,5
427.1448939159317,5
427.1448939159317,5
427.1448939159317,5
427.1448939159317,5
427.1448939159317,5
427.1448939159317,5
427.1448939159317,5
427.1448939159317,5
421.4543676587325,5
421.4543676587325,5
420.39641805663155,5
420.05241766110646,5
420.05241766110646,5
420.05241766110646,5
420.05241766110646,5
403.9951825396821,5
401.1490510506118,5
401.1490510506118,5
401.1490510506118,5
398.7055324453553,5
387.7790213343285,5
387.7790213343285,5
387.7790213343285,5
387.7790213343285,5
387.7790213343285,5
387.7790213343285,5
387.7790213343285,5
387.7790213343285,5
387.7790213343285,5
387.7790213343285,5
387.7790213343285,5
386.7834768755931,5
386.7834768755931,5
385.2073871020956,5
385.2073871020956,5
385.2073871020956,5
385.2073871020956,5
385.2073871020956,5
379.6348710963369,5
379.6348710963369,5
379.6348710963369,5
379.6348710963369,5
379.6348710963369,5
379.6348710963369,5
379.6348710963369,5
379.6348710963369,5
379.6348710963369,5
379.6348710963369,5
379.6348710963369,5
379.6348710963369,5
379.6348710963369,5
379.6348710963369,5
379.6348710963369,5
379.6348710963369,5
379.6348710963369,5
379.6348710963369,5
375.99229361535845,5
365.39150518827114,5
365.39150518827114,5
365.39150518827114,5
365.39150518827114,5
365.39150518827114,5
365.39150518827114,5
365.39150518827114,5
333.79712159511996,5
333.79712159511996,5
333.79712159511996,5
333.79712159511996,5
333.79712159511996,5
333.79712159511996,5
333.47909487221307,5
333.47909487221307,5
333.47909487221307,5
333.47909487221307,5
333.47909487221307,5
333.47909487221307,5
333.47909487221307,5
333.47909487221307,5
333.47909487221307,5
333.47909487221307,5
333.47909487221307,5
333.47909487221307,5
333.47909487221307,5
333.47909487221307,5
333.47909487221307,5
333.47909487221307,5
333.47909487221307,5
333.47909487221307,5
333.47909487221307,5
330.85371984520054,5
330.85371984520054,5
330.85371984520054,5
330.85371984520054,5
330.85371984520054,5
330.85371984520054,5
330.85371984520054,5
330.85371984520054,5
330.85371984520054,5
330.85371984520054,5
330.85371984520054,5
330.85371984520054,5
320.52452566731245,5
320.52452566731245,5
320.52452566731245,5
320.52452566731245,5
320.52452566731245,5
320.52452566731245,5
320.52452566731245,5
320.52452566731245,5
320.52452566731245,5
320.52452566731245,5
320.52452566731245,5
320.52452566731245,5
320.52452566731245,5
320.52452566731245,5
320.52452566731245,5
320.52452566731245,5
320.52452566731245,5
320.52452566731245,5
320.52452566731245,5
320.52452566731245,5
320.52452566731245,5
320.52452566731245,5
320.52452566731245,5
320.52452566731245,5
320.52452566731245,5
320.52452566731245,5
320.52452566731245,5
320.52452566731245,5
320.52452566731245,5
320.52452566731245,5
320.52452566731245,5
320.52452566731245,5
320.52452566731245,5
320.52452566731245,5
320.52452566731245,5
320.52452566731245,5
320.52452566731245,5
320.52452566731245,5
320.52452566731245,5
320.52452566731245,5
320.52452566731245,5
320.52452566731245,5
320.52452566731245,5
320.52452566731245,5
320.52452566731245,5
320.52452566731245,5
320.52452566731245,5
320.52452566731245,5
320.52452566731245,5
308.684208261081,4
308.684208261081,4
308.684208261081,4
308.684208261081,4
308.684208261081,4
308.684208261081,4
308.684208261081,4
308.684208261081,4
308.684208261081,4
308.684208261081,4
308.684208261081,4
308.684208261081,4
308.684208261081,4
308.684208261081,4
308.684208261081,4
308.684208261081,4
308.684208261081,4
308.684208261081,4
308.684208261081,4
308.684208261081,4
308.684208261081,4
308.684208261081,4
308.684208261081,4
308.684208261081,4
308.684208261081,4
308.684208261081,4
308.684208261081,4
308.684208261081,4
308.684208261081,4
308.684208261081,4
308.684208261081,4
308.684208261081,4
308.684208261081,4
308.684208261081,4
308.684208261081,4
308.684208261081,4
308.684208261081,4
308.684208261081,4
308.684208261081,4
308.684208261081,4
308.684208261081,4
308.684208261081,4
308.684208261081,4
308.684208261081,4
308.684208261081,4
308.684208261081,4
307.3677672494705,4
307.3677672494705,4
295.1418925153025,4
295.1418925153025,4
295.1418925153025,4
295.1418925153025,4
295.1418925153025,4
295.1418925153025,4
294.41036978650106,4
294.11857371900044,4
294.11857371900044,4
290.18713382505405,4
290.18713382505405,4
290.18713382505405,4
290.18713382505405,4
290.18713382505405,4
290.18713382505405,4
290.18713382505405,4
290.18713382505405,4
290.18713382505405,4
290.18713382505405,4
290.18713382505405,4
290.18713382505405,4
290.18713382505405,4
290.18713382505405,4
290.18713382505405,4
290.18713382505405,4
290.18713382505405,4
290.18713382505405,4
288.1493780594376,4
288.1493780594376,4
288.1493780594376,4
288.1493780594376,4
288.1493780594376,4
288.1493780594376,4
288.1493780594376,4
288.1493780594376,4
288.1493780594376,4
288.1493780594376,4
288.1493780594376,4
288.1493780594376,4
288.1493780594376,4
288.1493780594376,4
286.1595194504887,4
286.1595194504887,4
286.1595194504887,4
286.1595194504887,4
286.1595194504887,4
286.1595194504887,4
286.1595194504887,4
286.1595194504887,4
286.1595194504887,4
286.1595194504887,4
286.1595194504887,4
286.1595194504887,4
286.1595194504887,4
286.1595194504887,4
286.1595194504887,4
286.1595194504887,4
286.1595194504887,4
286.1595194504887,4
286.1595194504887,4
286.1595194504887,4
286.1595194504887,4
286.1595194504887,4
286.1595194504887,4
286.1595194504887,4
286.1595194504887,4
286.1595194504887,4
286.1595194504887,4
283.8489713123239,4
283.8489713123239,4
283.8489713123239,4
283.8489713123239,4
283.8489713123239,4
283.8489713123239,4
283.8489713123239,4
283.8489713123239,4
283.8489713123239,4
283.8489713123239,4
283.8489713123239,4
283.8489713123239,4
283.8489713123239,4
283.8489713123239,4
283.8489713123239,4
283.8489713123239,4
283.8489713123239,4
282.1089150824945,4
282.1089150824945,4
282.1089150824945,4
280.7333751841113,4
280.7333751841113,4
280.7333751841113,4
280.7333751841113,4
280.7333751841113,4
280.7333751841113,4
280.7333751841113,4
280.7333751841113,4
280.7333751841113,4
280.7333751841113,4
280.7333751841113,4
280.7333751841113,4
280.7333751841113,4
280.7333751841113,4
280.7333751841113,4
280.7333751841113,4
280.7333751841113,4
280.7333751841113,4
280.7333751841113,4
280.7333751841113,4
279.48281427383665,4
279.48281427383665,4
279.48281427383665,4
279.48281427383665,4
279.48281427383665,4
279.48281427383665,4
279.48281427383665,4
279.48281427383665,4
279.48281427383665,4
279.48281427383665,4
279.48281427383665,4
279.48281427383665,4
279.48281427383665,4
279.48281427383665,4
279.48281427383665,4
279.48281427383665,4
279.48281427383665,4
279.48281427383665,4
279.48281427383665,4
278.7117379377762,4
278.7117379377762,4
278.7117379377762,4
278.7117379377762,4
278.7117379377762,4
278.7117379377762,4
278.7117379377762,4
278.7117379377762,4
278.7117379377762,4
278.7117379377762,4
278.7117379377762,4
278.7117379377762,4
278.7117379377762,4
278.7117379377762,4
278.7117379377762,4
278.7117379377762,4
278.68039225494704,4
278.57988719155867,4
278.57988719155867,4
278.57988719155867,4
278.57988719155867,4
278.57988719155867,4
278.57988719155867,4
278.57988719155867,4
278.57988719155867,4
278.57988719155867,4
278.57988719155867,4
278.57988719155867,4
278.57988719155867,4
278.57988719155867,4
278.57988719155867,4
278.57988719155867,4
278.57988719155867,4
278.57988719155867,4
278.57988719155867,4
278.57988719155867,4
278.57988719155867,4
278.57988719155867,4
278.57988719155867,4
278.57988719155867,4
278.57988719155867,4
278.57988719155867,4
278.57988719155867,4
278.4058747558257,4
278.4058747558257,4
278.23578743036745,4
278.23578743036745,4
278.23578743036745,4
278.23578743036745,4
278.23578743036745,4
275.01697317717463,4
275.01697317717463,4
275.01697317717463,4
275.01697317717463,4
275.01697317717463,4
275.01697317717463,4
275.01697317717463,4
275.01697317717463,4
275.01697317717463,4
275.01697317717463,4
275.01697317717463,4
275.01697317717463,4
275.01697317717463,4
275.01697317717463,4
275.01697317717463,4
275.01697317717463,4
275.01697317717463,4
275.01697317717463,4
275.01697317717463,4
275.01697317717463,4
275.01697317717463,4
275.01697317717463,4
275.01697317717463,4
275.01697317717463,4
275.01697317717463,4
275.01697317717463,4
275.01697317717463,4
275.01697317717463,4
275.01697317717463,4
275.01697317717463,4
275.01697317717463,4
275.01697317717463,4
275.01697317717463,4
275.01697317717463,4
275.01697317717463,4
275.01697317717463,4
275.01697317717463,4
275.01697317717463,4
275.01697317717463,4
275.01697317717463,4
275.01697317717463,4
275.01697317717463,4
275.01697317717463,4
275.01697317717463,4
275.01697317717463,4
275.01697317717463,4
275.01697317717463,4
275.01697317717463,4
275.01697317717463,4
275.01697317717463,4
275.01697317717463,4
275.01697317717463,4
275.01697317717463,4
275.01697317717463,4
275.01697317717463,4
275.01697317717463,4
275.01697317717463,4
275.01697317717463,4
275.01697317717463,4
275.01697317717463,4
275.01697317717463,4
259.79160569885215,3
259.79160569885215,3
259.79160569885215,3
259.79160569885215,3
259.79160569885215,3
259.79160569885215,3
259.79160569885215,3
259.79160569885215,3
259.79160569885215,3
259.79160569885215,3
259.79160569885215,3
259.79160569885215,3
259.79160569885215,3
259.79160569885215,3
259.79160569885215,3
259.79160569885215,3
259.79160569885215,3
259.79160569885215,3
259.79160569885215,3
253.011939049867,3
253.011939049867,3
253.011939049867,3
253.011939049867,3
252.96171772570878,3
252.96171772570878,3
252.96171772570878,3
252.96171772570878,3
252.96171772570878,3
252.96171772570878,3
252.96171772570878,3
252.96171772570878,3
252.96171772570878,3
252.96171772570878,3
252.96171772570878,3
252.96171772570878,3
252.96171772570878,3
252.96171772570878,3
252.96171772570878,3
252.96171772570878,3
252.96171772570878,3
252.96171772570878,3
252.96171772570878,3
252.96171772570878,3
252.96171772570878,3
252.96171772570878,3
252.96171772570878,3
252.96171772570878,3
252.96171772570878,3
252.96171772570878,3
252.96171772570878,3
252.96171772570878,3
239.75470335343743,4
239.75470335343743,4
239.75470335343743,4
239.75470335343743,4
239.75470335343743,4
239.75470335343743,4
239.75470335343743,4
239.75470335343743,4
239.75470335343743,4
239.75470335343743,4
239.75470335343743,4
239.75470335343743,4
239.75470335343743,4
239.75470335343743,4
239.75470335343743,4
239.75470335343743,4
239.75470335343743,4
239.75470335343743,4
239.75470335343743,4
239.75470335343743,4
239.75470335343743,4
239.75470335343743,4
239.75470335343743,4
239.75470335343743,4
239.75470335343743,4
239.75470335343743,4
239.75470335343743,4
239.75470335343743,4
239.75470335343743,4
239.75470335343743,4
239.75470335343743,4
239.75470335343743,4
239.75470335343743,4
239.75470335343743,4
239.75470335343743,4
239.75470335343743,4
239.75470335343743,4
239.75470335343743,4
239.75470335343743,4
239.75470335343743,4
239.75470335343743,4
239.75470335343743,4
239.75470335343743,4
239.75470335343743,4
239.75470335343743,4
239.75470335343743,4
239.75470335343743,4
239.75470335343743,4
239.75470335343743,4
239.75470335343743,4
239.75470335343743,4
239.75470335343743,4
239.75470335343743,4
239.75470335343743,4
239.75470335343743,4
239.75470335343743,4
239.75470335343743,4
239.75470335343743,4
239.75470335343743,4
239.75470335343743,4
239.75470335343743,4
239.75470335343743,4
239.75470335343743,4
239.75470335343743,4
239.75470335343743,4
239.75470335343743,4
239.75470335343743,4
239.75470335343743,4
239.75470335343743,4
239.75470335343743,4
239.75470335343743,4
239.75470335343743,4
239.75470335343743,4
239.75470335343743,4
239.75470335343743,4
239.75470335343743,4
239.75470335343743,4
239.75470335343743,4
239.75470335343743,4
239.75470335343743,4
239.75470335343743,4
239.75470335343743,4
239.75470335343743,4
239.75470335343743,4
239.75470335343743,4
239.75470335343743,4
239.75470335343743,4
239.75470335343743,4
239.75470335343743,4
239.75470335343743,4
239.75470335343743,4
239.75470335343743,4
239.75470335343743,4
239.75470335343743,4
239.75470335343743,4
239.75470335343743,4
239.75470335343743,4
239.75470335343743,4
239.75470335343743,4
239.75470335343743,4
239.75470335343743,4
239.75470335343743,4
239.75470335343743,4
239.75470335343743,4
239.75470335343743,4
239.75470335343743,4
239.75470335343743,4
239.75470335343743,4
239.75470335343743,4
239.75470335343743,4
239.75470335343743,4
239.75470335343743,4
239.75470335343743,4
239.75470335343743,4
239.75470335343743,4
239.75470335343743,4
239.75470335343743,4
239.75470335343743,4
239.75470335343743,4
239.75470335343743,4
239.75470335343743,4
239.75470335343743,4
239.75470335343743,4
239.75470335343743,4
239.75470335343743,4
239.75470335343743,4
239.75470335343743,4
239.75470335343743,4
239.75470335343743,4
239.75470335343743,4
239.75470335343743,4
239.75470335343743,4
239.75470335343743,4
239.75470335343743,4
239.75470335343743,4
239.75470335343743,4
239.75470335343743,4
239.75470335343743,4
239.75470335343743,4
239.75470335343743,4
239.75470335343743,4
239.75470335343743,4
239.75470335343743,4
239.75470335343743,4
239.75470335343743,4
239.75470335343743,4
239.75470335343743,4
239.75470335343743,4
239.75470335343743,4
239.75470335343743,4
239.75470335343743,4
239.75470335343743,4
239.75470335343743,4
239.75470335343743,4
239.75470335343743,4
239.75470335343743,4
239.75470335343743,4
239.75470335343743,4
239.75470335343743,4
239.75470335343743,4
230.74723884556047,3
230.74723884556047,3
230.74723884556047,3
230.74723884556047,3
230.74723884556047,3
230.74723884556047,3
230.74723884556047,3
230.74723884556047,3
230.74723884556047,3
222.44574862807048,3
222.44574862807048,3
222.44574862807048,3
222.44574862807048,3
222.44574862807048,3
222.44574862807048,3
222.44574862807048,3
222.44574862807048,3
222.44574862807048,3
222.44574862807048,3
222.44574862807048,3
222.44574862807048,3
222.44574862807048,3
222.44574862807048,3
222.44574862807048,3
222.44574862807048,3
222.44574862807048,3
222.44574862807048,3
222.44574862807048,3
222.44574862807048,3
222.44574862807048,3
222.44574862807048,3
222.44574862807048,3
222.44574862807048,3
222.44574862807048,3
222.44574862807048,3
222.44574862807048,3
222.44574862807048,3
222.44574862807048,3
222.44574862807048,3
222.44574862807048,3
222.44574862807048,3
222.44574862807048,3
222.44574862807048,3
222.44574862807048,3
222.44574862807048,3
222.44574862807048,3
222.44574862807048,3
222.44574862807048,3
222.44574862807048,3
222.44574862807048,3
222.44574862807048,3
222.44574862807048,3
222.44574862807048,3
222.44574862807048,3
222.44574862807048,3
222.44574862807048,3
222.44574862807048,3
222.44574862807048,3
222.44574862807048,3
222.44574862807048,3
222.44574862807048,3
219.83405888856606,3
219.83405888856606,3
219.83405888856606,3
219.83405888856606,3
219.83405888856606,3
219.83405888856606,3
219.83405888856606,3
219.83405888856606,3
219.83405888856606,3
219.83405888856606,3
219.83405888856606,3
219.83405888856606,3
219.83405888856606,3
219.83405888856606,3
219.83405888856606,3
219.83405888856606,3
219.83405888856606,3
219.83405888856606,3
219.83405888856606,3
219.83405888856606,3
219.83405888856606,3
219.83405888856606,3
219.83405888856606,3
219.83405888856606,3
219.83405888856606,3
219.83405888856606,3
219.83405888856606,3
197.64191363695892,3
197.64191363695892,3
197.64191363695892,3
197.27691784649042,3
197.27691784649042,3
191.81361977865623,3
191.81361977865623,3
191.81361977865623,3
191.81361977865623,3
191.81361977865623,3
191.81361977865623,3
191.81361977865623,3
191.81361977865623,3
191.81361977865623,3
191.81361977865623,3
191.81361977865623,3
191.81361977865623,3
191.81361977865623,3
191.81361977865623,3
191.81361977865623,3
191.81361977865623,3
191.81361977865623,3
191.81361977865623,3
191.81361977865623,3
191.81361977865623,3
191.81361977865623,3
191.81361977865623,3
191.81361977865623,3
191.81361977865623,3
191.81361977865623,3
191.81361977865623,3
191.81361977865623,3
191.81361977865623,3
191.81361977865623,3
191.81361977865623,3
191.81361977865623,3
191.81361977865623,3
191.81361977865623,3
191.81361977865623,3
191.81361977865623,3
191.81361977865623,3
191.81361977865623,3
191.81361977865623,3
191.81361977865623,3
191.81361977865623,3
191.81361977865623,3
191.81361977865623,3
191.81361977865623,3
191.81361977865623,3
191.81361977865623,3
191.81361977865623,3
191.81361977865623,3
191.81361977865623,3
191.81361977865623,3
191.81361977865623,3
191.81361977865623,3
191.81361977865623,3
191.81361977865623,3
191.81361977865623,3
191.81361977865623,3
191.81361977865623,3
191.81361977865623,3
191.81361977865623,3
191.81361977865623,3
191.81361977865623,3
191.81361977865623,3
191.81361977865623,3
191.81361977865623,3
191.81361977865623,3
191.81361977865623,3
191.81361977865623,3
191.81361977865623,3
191.81361977865623,3
191.81361977865623,3
191.81361977865623,3
191.81361977865623,3
191.81361977865623,3
191.81361977865623,3
191.81361977865623,3
191.81361977865623,3
191.81361977865623,3
191.81361977865623,3
191.81361977865623,3
191.81361977865623,3
191.81361977865623,3
191.81361977865623,3
191.81361977865623,3
191.81361977865623,3
191.81361977865623,3
191.81361977865623,3
191.81361977865623,3
191.81361977865623,3
191.81361977865623,3
191.81361977865623,3
191.81361977865623,3
191.81361977865623,3
191.81361977865623,3
191.81361977865623,3
191.81361977865623,3
191.81361977865623,3
191.81361977865623,3
191.81361977865623,3
191.81361977865623,3
191.81361977865623,3
191.81361977865623,3
191.81361977865623,3
191.81361977865623,3
191.81361977865623,3
191.81361977865623,3
191.81361977865623,3
191.81361977865623,3
191.81361977865623,3
191.81361977865623,3
191.81361977865623,3
191.81361977865623,3
191.81361977865623,3
191.81361977865623,3
191.81361977865623,3
191.81361977865623,3
191.81361977865623,3
191.81361977865623,3
191.81361977865623,3
191.81361977865623,3
191.81361977865623,3
191.81361977865623,3
191.81361977865623,3
191.81361977865623,3
191.81361977865623,3
191.81361977865623,3
191.81361977865623,3
191.81361977865623,3
191.81361977865623,3
191.81361977865623,3
191.81361977865623,3
191.81361977865623,3
191.81361977865623,3
