1132.1979148076273,25
1035.939569498952,23
1009.527147611984,22
1006.1870056163632,22
977.5415868214006,21
977.5415868214006,21
977.5415868214006,21
968.9270073735158,20
939.4115493253792,21
936.3806734762013,18
907.8925851042461,20
907.8925851042461,20
901.7861125660288,17
870.4280037613257,18
845.9395156771069,17
845.9395156771069,17
825.6877045753826,16
825.6877045753826,16
825.6877045753826,16
817.1795386165901,18
813.4170611509485,15
795.605266556103,17
766.5837084826913,13
702.6117089244925,12
702.6117089244925,12
702.6117089244925,12
676.225315869551,14
676.225315869551,14
676.225315869551,14
676.225315869551,14
665.3667740670242,12
665.3667740670242,12
659.9458696219876,12
650.9298659105857,11
633.045494039022,11
633.045494039022,11
633.045494039022,11
633.045494039022,11
633.045494039022,11
633.045494039022,11
633.045494039022,11
628.3116081513886,12
611.3636396059585,11
611.3636396059585,11
611.3636396059585,11
611.3636396059585,11
611.3636396059585,11
586.2662490961311,10
586.2662490961311,10
575.086787841644,10
575.086787841644,10
575.086787841644,10
575.086787841644,10
575.086787841644,10
558.7118394197043,9
558.7118394197043,9
558.7118394197043,9
549.8578234022098,9
549.8578234022098,9
539.71586115375,8
539.71586115375,8
539.71586115375,8
539.71586115375,8
537.3564659923234,9
537.3564659923234,9
537.3564659923234,9
537.3564659923234,9
536.6229909861867,8
536.6229909861867,8
536.6229909861867,8
536.6229909861867,8
536.6229909861867,8
536.6229909861867,8
536.6229909861867,8
536.6229909861867,8
527.2011091631769,9
527.2011091631769,9
527.2011091631769,9
527.2011091631769,9
526.3953829508164,8
526.3953829508164,8
526.3953829508164,8
526.3953829508164,8
526.3953829508164,8
526.3953829508164,8
526.3953829508164,8
522.3964244333475,8
522.3964244333475,8
522.3964244333475,8
522.3964244333475,8
522.3964244333475,8
522.3964244333475,8
506.7758784096687,7
506.7758784096687,7
506.7758784096687,7
505.50634533015693,8
490.43435046523507,7
490.43435046523507,7
490.43435046523507,7
490.43435046523507,7
490.43435046523507,7
490.43435046523507,7
490.43435046523507,7
490.43435046523507,7
490.43435046523507,7
482.1956629623577,7
443.4313642518315,7
437.6787972514103,6
437.6787972514103,6
437.6787972514103,6
435.6912102731321,6
435.6912102731321,6
435.6912102731321,6
435.6912102731321,6
435.6912102731321,6
435.6912102731321,6
435.6912102731321,6
406.0866520310809,7
406.0866520310809,7
406.0866520310809,7
406.0866520310809,7
406.0866520310809,7
406.0866520310809,7
406.0866520310809,7
406.0866520310809,7
406.0866520310809,7
406.0866520310809,7
406.0866520310809,7
406.0866520310809,7
406.0866520310809,7
406.0866520310809,7
406.0866520310809,7
406.0866520310809,7
406.0866520310809,7
406.0866520310809,7
406.0866520310809,7
406.0866520310809,7
406.0866520310809,7
406.0866520310809,7
406.0866520310809,7
406.0866520310809,7
406.0866520310809,7
406.0866520310809,7
406.0866520310809,7
406.0866520310809,7
406.0866520310809,7
406.0866520310809,7
406.0866520310809,7
406.0866520310809,7
406.0866520310809,7
406.0866520310809,7
406.0866520310809,7
406.0866520310809,7
394.6328075975073,5
394.6328075975073,5
394.6328075975073,5
394.6328075975073,5
394.6328075975073,5
394.6328075975073,5
390.5594722526695,5
390.5594722526695,5
390.5594722526695,5
390.5594722526695,5
384.0281060598378,5
381.26397047881926,5
381.26397047881926,5
381.26397047881926,5
381.26397047881926,5
381.26397047881926,5
381.26397047881926,5
381.26397047881926,5
380.9871778186182,5
375.1386848315795,5
375.1386848315795,5
375.1386848315795,5
375.1386848315795,5
375.1386848315795,5
371.2745837467296,5
371.2745837467296,5
371.2745837467296,5
371.2745837467296,5
371.2745837467296,5
371.2745837467296,5
371.2745837467296,5
371.2745837467296,5
371.2745837467296,5
371.2745837467296,5
371.2745837467296,5
371.2745837467296,5
370.25509057643217,5
370.25509057643217,5
370.25509057643217,5
370.25509057643217,5
370.25509057643217,5
370.25509057643217,5
370.25509057643217,5
370.25509057643217,5
370.25509057643217,5
370.25509057643217,5
370.25509057643217,5
370.25509057643217,5
370.25509057643217,5
370.25509057643217,5
369.46936194460886,5
369.46936194460886,5
369.46936194460886,5
369.46936194460886,5
369.46936194460886,5
369.46936194460886,5
369.46936194460886,5
369.46936194460886,5
369.46936194460886,5
369.46936194460886,5
369.46936194460886,5
369.46936194460886,5
369.46936194460886,5
369.46936194460886,5
357.6822809253823,5
357.6822809253823,5
357.6822809253823,5
357.6822809253823,5
357.6822809253823,5
357.6822809253823,5
357.6822809253823,5
357.6822809253823,5
357.6822809253823,5
357.6822809253823,5
357.6822809253823,5
357.6822809253823,5
357.6822809253823,5
357.6822809253823,5
357.6822809253823,5
357.6822809253823,5
357.6822809253823,5
357.6822809253823,5
357.6822809253823,5
357.6822809253823,5
357.6822809253823,5
357.6822809253823,5
357.6822809253823,5
357.6822809253823,5
357.6822809253823,5
357.6822809253823,5
357.6822809253823,5
357.6822809253823,5
357.6822809253823,5
357.6822809253823,5
357.6822809253823,5
357.6822809253823,5
357.6822809253823,5
357.6822809253823,5
357.6822809253823,5
357.6822809253823,5
357.6822809253823,5
357.6822809253823,5
357.6822809253823,5
356.41359757554153,5
356.41359757554153,5
356.41359757554153,5
345.52498959162915,5
345.52498959162915,5
321.0799909315916,4
316.89354164247914,4
316.89354164247914,4
316.89354164247914,4
316.89354164247914,4
310.03686566308136,4
310.03686566308136,4
309.4175912231407,4
309.4175912231407,4
309.4175912231407,4
309.4175912231407,4
309.4175912231407,4
309.4175912231407,4
287.47972462100563,4
287.47972462100563,4
287.47972462100563,4
287.47972462100563,4
287.47972462100563,4
287.47972462100563,4
287.47972462100563,4
285.5586412006202,4
285.5586412006202,4
285.5586412006202,4
285.5586412006202,4
285.5586412006202,4
285.5586412006202,4
285.5586412006202,4
285.5586412006202,4
285.5586412006202,4
285.5586412006202,4
285.5586412006202,4
285.5586412006202,4
285.5586412006202,4
285.5586412006202,4
285.5586412006202,4
285.5586412006202,4
285.5586412006202,4
285.5586412006202,4
285.5586412006202,4
285.5586412006202,4
285.5586412006202,4
285.5586412006202,4
285.5586412006202,4
285.5586412006202,4
285.5586412006202,4
285.5586412006202,4
285.5586412006202,4
278.4070237864771,4
278.4070237864771,4
278.4070237864771,4
278.4070237864771,4
278.4070237864771,4
278.4070237864771,4
278.4070237864771,4
278.4070237864771,4
278.4070237864771,4
278.4070237864771,4
278.4070237864771,4
278.4070237864771,4
278.4070237864771,4
278.4070237864771,4
278.4070237864771,4
278.4070237864771,4
278.4070237864771,4
278.4070237864771,4
278.4070237864771,4
278.4070237864771,4
278.4070237864771,4
278.4070237864771,4
278.4070237864771,4
278.4070237864771,4
278.4070237864771,4
278.4070237864771,4
278.4070237864771,4
278.4070237864771,4
278.4070237864771,4
278.4070237864771,4
278.4070237864771,4
278.4070237864771,4
278.4070237864771,4
278.4070237864771,4
278.4070237864771,4
278.4070237864771,4
278.4070237864771,4
278.4070237864771,4
278.4070237864771,4
278.4070237864771,4
278.4070237864771,4
278.4070237864771,4
278.4070237864771,4
278.4070237864771,4
278.4070237864771,4
278.4070237864771,4
278.4070237864771,4
278.4070237864771,4
278.4070237864771,4
278.4070237864771,4
278.4070237864771,4
278.4070237864771,4
278.4070237864771,4
278.4070237864771,4
278.4070237864771,4
278.4070237864771,4
278.4070237864771,4
278.4070237864771,4
278.4070237864771,4
278.4070237864771,4
278.4070237864771,4
278.4070237864771,4
278.4070237864771,4
278.4070237864771,4
278.4070237864771,4
278.4070237864771,4
278.4070237864771,4
278.4070237864771,4
278.4070237864771,4
278.4070237864771,4
278.4070237864771,4
278.4070237864771,4
278.4070237864771,4
278.4070237864771,4
278.4070237864771,4
278.4070237864771,4
278.4070237864771,4
278.4070237864771,4
278.4070237864771,4
278.4070237864771,4
278.4070237864771,4
278.4070237864771,4
278.4070237864771,4
278.4070237864771,4
278.4070237864771,4
278.4070237864771,4
278.4070237864771,4
278.4070237864771,4
278.4070237864771,4
278.4070237864771,4
278.4070237864771,4
278.4070237864771,4
278.4070237864771,4
278.4070237864771,4
278.4070237864771,4
278.4070237864771,4
278.4070237864771,4
278.4070237864771,4
278.4070237864771,4
278.4070237864771,4
278.4070237864771,4
278.4070237864771,4
278.4070237864771,4
278.4070237864771,4
278.4070237864771,4
278.4070237864771,4
278.4070237864771,4
278.4070237864771,4
278.4070237864771,4
278.4070237864771,4
278.4070237864771,4
278.4070237864771,4
278.4070237864771,4
278.4070237864771,4
278.4070237864771,4
278.4070237864771,4
278.4070237864771,4
278.4070237864771,4
278.4070237864771,4
278.4070237864771,4
278.4070237864771,4
278.4070237864771,4
278.4070237864771,4
278.4070237864771,4
278.4070237864771,4
278.4070237864771,4
278.4070237864771,4
278.4070237864771,4
278.4070237864771,4
278.4070237864771,4
278.4070237864771,4
278.4070237864771,4
278.4070237864771,4
278.4070237864771,4
278.4070237864771,4
278.4070237864771,4
278.4070237864771,4
278.4070237864771,4
278.4070237864771,4
278.4070237864771,4
278.4070237864771,4
278.4070237864771,4
278.4070237864771,4
278.4070237864771,4
278.4070237864771,4
278.4070237864771,4
278.4070237864771,4
278.4070237864771,4
278.4070237864771,4
278.4070237864771,4
278.4070237864771,4
278.4070237864771,4
278.4070237864771,4
278.4070237864771,4
278.4070237864771,4
278.4070237864771,4
278.4070237864771,4
278.4070237864771,4
278.4070237864771,4
278.4070237864771,4
278.4070237864771,4
278.4070237864771,4
278.4070237864771,4
278.4070237864771,4
278.4070237864771,4
278.4070237864771,4
278.4070237864771,4
278.4070237864771,4
278.4070237864771,4
278.4070237864771,4
278.4070237864771,4
278.4070237864771,4
278.4070237864771,4
278.4070237864771,4
278.4070237864771,4
278.4070237864771,4
278.4070237864771,4
278.4070237864771,4
278.4070237864771,4
278.4070237864771,4
278.4070237864771,4
278.4070237864771,4
278.4070237864771,4
278.4070237864771,4
278.4070237864771,4
278.4070237864771,4
278.4070237864771,4
278.4070237864771,4
278.4070237864771,4
278.4070237864771,4
278.4070237864771,4
278.4070237864771,4
278.4070237864771,4
278.4070237864771,4
278.4070237864771,4
278.4070237864771,4
278.4070237864771,4
278.4070237864771,4
278.4070237864771,4
278.4070237864771,4
278.4070237864771,4
278.4070237864771,4
278.4070237864771,4
278.4070237864771,4
278.4070237864771,4
277.93972192630065,4
277.93972192630065,4
277.93972192630065,4
277.93972192630065,4
277.93972192630065,4
277.93972192630065,4
277.93972192630065,4
277.93972192630065,4
277.93972192630065,4
277.93972192630065,4
277.93972192630065,4
277.93972192630065,4
277.93972192630065,4
277.93972192630065,4
277.93972192630065,4
277.93972192630065,4
277.93972192630065,4
277.93972192630065,4
277.93972192630065,4
277.93972192630065,4
277.93972192630065,4
277.93972192630065,4
277.93972192630065,4
277.93972192630065,4
277.93972192630065,4
277.93972192630065,4
277.93972192630065,4
277.93972192630065,4
277.93972192630065,4
277.93972192630065,4
277.93972192630065,4
277.93972192630065,4
277.93972192630065,4
277.93972192630065,4
277.93972192630065,4
277.93972192630065,4
277.93972192630065,4
277.93972192630065,4
277.93972192630065,4
277.93972192630065,4
277.93972192630065,4
277.93972192630065,4
277.93972192630065,4
277.93972192630065,4
277.93972192630065,4
277.93972192630065,4
277.93972192630065,4
277.93972192630065,4
277.93972192630065,4
277.93972192630065,4
277.93972192630065,4
277.93972192630065,4
277.93972192630065,4
277.93972192630065,4
277.93972192630065,4
277.93972192630065,4
277.93972192630065,4
277.93972192630065,4
277.93972192630065,4
277.93972192630065,4
277.93972192630065,4
277.93972192630065,4
277.93972192630065,4
277.93972192630065,4
277.93972192630065,4
277.93972192630065,4
277.93972192630065,4
277.93972192630065,4
277.93972192630065,4
277.93972192630065,4
277.93972192630065,4
277.93972192630065,4
277.93972192630065,4
277.93972192630065,4
277.93972192630065,4
277.93972192630065,4
277.93972192630065,4
277.93972192630065,4
277.93972192630065,4
277.93972192630065,4
277.93972192630065,4
277.93972192630065,4
277.93972192630065,4
277.93972192630065,4
277.93972192630065,4
277.93972192630065,4
277.93972192630065,4
277.93972192630065,4
277.93972192630065,4
277.93972192630065,4
277.93972192630065,4
268.1506247810479,5
268.1506247810479,5
240.01787883062627,4
240.01787883062627,4
240.01787883062627,4
240.01787883062627,4
240.01787883062627,4
240.01787883062627,4
240.01787883062627,4
240.01787883062627,4
240.01787883062627,4
240.01787883062627,4
240.01787883062627,4
240.01787883062627,4
240.01787883062627,4
240.01787883062627,4
240.01787883062627,4
240.01787883062627,4
240.01787883062627,4
240.01787883062627,4
240.01787883062627,4
240.01787883062627,4
240.01787883062627,4
240.01787883062627,4
240.01787883062627,4
240.01787883062627,4
240.01787883062627,4
240.01787883062627,4
240.01787883062627,4
240.01787883062627,4
240.01787883062627,4
240.01787883062627,4
240.01787883062627,4
240.01787883062627,4
240.01787883062627,4
240.01787883062627,4
240.01787883062627,4
240.01787883062627,4
240.01787883062627,4
240.01787883062627,4
240.01787883062627,4
240.01787883062627,4
240.01787883062627,4
240.01787883062627,4
240.01787883062627,4
240.01787883062627,4
240.01787883062627,4
240.01787883062627,4
240.01787883062627,4
240.01787883062627,4
240.01787883062627,4
240.01787883062627,4
240.01787883062627,4
240.01787883062627,4
236.93975385663828,4
236.93975385663828,4
236.93975385663828,4
236.93975385663828,4
236.93975385663828,4
236.93975385663828,4
236.93975385663828,4
236.93975385663828,4
236.93975385663828,4
236.93975385663828,4
236.93975385663828,4
236.93975385663828,4
236.93975385663828,4
235.54573574253695,4
235.54573574253695,4
235.54573574253695,4
235.54573574253695,4
235.54573574253695,4
235.54573574253695,4
221.00176566880646,4
221.00176566880646,4
221.00176566880646,4
221.00176566880646,4
221.00176566880646,4
221.00176566880646,4
221.00176566880646,4
221.00176566880646,4
221.00176566880646,4
221.00176566880646,4
221.00176566880646,4
221.00176566880646,4
221.00176566880646,4
221.00176566880646,4
221.00176566880646,4
221.00176566880646,4
221.00176566880646,4
221.00176566880646,4
221.00176566880646,4
221.00176566880646,4
221.00176566880646,4
221.00176566880646,4
221.00176566880646,4
221.00176566880646,4
221.00176566880646,4
221.00176566880646,4
221.00176566880646,4
221.00176566880646,4
221.00176566880646,4
221.00176566880646,4
221.00176566880646,4
221.00176566880646,4
221.00176566880646,4
221.00176566880646,4
221.00176566880646,4
221.00176566880646,4
221.00176566880646,4
221.00176566880646,4
221.00176566880646,4
221.00176566880646,4
221.00176566880646,4
221.00176566880646,4
221.00176566880646,4
221.00176566880646,4
221.00176566880646,4
221.00176566880646,4
221.00176566880646,4
221.00176566880646,4
221.00176566880646,4
221.00176566880646,4
221.00176566880646,4
221.00176566880646,4
221.00176566880646,4
221.00176566880646,4
221.00176566880646,4
221.00176566880646,4
221.00176566880646,4
221.00176566880646,4
221.00176566880646,4
221.00176566880646,4
221.00176566880646,4
221.00176566880646,4
221.00176566880646,4
221.00176566880646,4
221.00176566880646,4
221.00176566880646,4
221.00176566880646,4
221.00176566880646,4
221.00176566880646,4
221.00176566880646,4
221.00176566880646,4
221.00176566880646,4
221.00176566880646,4
221.00176566880646,4
221.00176566880646,4
221.00176566880646,4
220.34423456276764,4
220.34423456276764,4
220.34423456276764,4
220.34423456276764,4
219.5731582267072,4
219.5731582267072,4
219.5731582267072,4
219.5731582267072,4
219.5731582267072,4
218.91025616255743,4
218.91025616255743,4
218.91025616255743,4
218.91025616255743,4
218.91025616255743,4
218.91025616255743,4
217.108295189743,4
217.108295189743,4
209.7254770621891,3
209.7254770621891,3
209.7254770621891,3
209.7254770621891,3
209.7254770621891,3
209.7254770621891,3
209.7254770621891,3
209.7254770621891,3
209.7254770621891,3
209.7254770621891,3
209.7254770621891,3
205.29472803446913,3
205.29472803446913,3
205.29472803446913,3
205.29472803446913,3
205.29472803446913,3
205.29472803446913,3
196.87083730089847,3
196.87083730089847,3
196.87083730089847,3
196.87083730089847,3
196.87083730089847,3
196.87083730089847,3
196.87083730089847,3
196.87083730089847,3
196.87083730089847,3
196.87083730089847,3
196.87083730089847,3
196.87083730089847,3
196.87083730089847,3
196.87083730089847,3
196.87083730089847,3
196.87083730089847,3
196.87083730089847,3
196.87083730089847,3
196.87083730089847,3
196.87083730089847,3
196.87083730089847,3
196.87083730089847,3
196.87083730089847,3
196.87083730089847,3
196.87083730089847,3
196.87083730089847,3
196.87083730089847,3
196.87083730089847,3
196.87083730089847,3
196.87083730089847,3
196.87083730089847,3
196.87083730089847,3
196.87083730089847,3
196.87083730089847,3
196.87083730089847,3
196.87083730089847,3
196.87083730089847,3
196.87083730089847,3
196.87083730089847,3
196.87083730089847,3
196.87083730089847,3
196.87083730089847,3
196.87083730089847,3
196.87083730089847,3
196.87083730089847,3
196.87083730089847,3
196.87083730089847,3
196.87083730089847,3
196.87083730089847,3
196.87083730089847,3
196.87083730089847,3
196.87083730089847,3
196.87083730089847,3
196.87083730089847,3
196.87083730089847,3
196.87083730089847,3
196.87083730089847,3
196.87083730089847,3
196.87083730089847,3
196.87083730089847,3
196.87083730089847,3
196.87083730089847,3
196.87083730089847,3
196.87083730089847,3
196.87083730089847,3
196.87083730089847,3
196.87083730089847,3
196.87083730089847,3
196.87083730089847,3
196.87083730089847,3
196.87083730089847,3
196.87083730089847,3
196.87083730089847,3
196.87083730089847,3
196.87083730089847,3
196.87083730089847,3
196.87083730089847,3
196.87083730089847,3
196.87083730089847,3
196.87083730089847,3
196.87083730089847,3
196.87083730089847,3
196.87083730089847,3
196.87083730089847,3
196.87083730089847,3
196.87083730089847,3
196.87083730089847,3
196.87083730089847,3
196.87083730089847,3
196.87083730089847,3
196.87083730089847,3
196.87083730089847,3
196.87083730089847,3
196.87083730089847,3
196.87083730089847,3
196.87083730089847,3
196.87083730089847,3
196.87083730089847,3
196.87083730089847,3
196.87083730089847,3
196.87083730089847,3
196.87083730089847,3
196.87083730089847,3
196.87083730089847,3
196.87083730089847,3
196.87083730089847,3
196.87083730089847,3
196.87083730089847,3
196.87083730089847,3
196.87083730089847,3
196.87083730089847,3
196.87083730089847,3
196.87083730089847,3
196.87083730089847,3
196.87083730089847,3
196.87083730089847,3
196.87083730089847,3
196.87083730089847,3
196.87083730089847,3
196.87083730089847,3
196.87083730089847,3
196.87083730089847,3
196.87083730089847,3
196.87083730089847,3
196.87083730089847,3
196.87083730089847,3
196.87083730089847,3
196.87083730089847,3
196.87083730089847,3
196.87083730089847,3
196.87083730089847,3
196.87083730089847,3
196.87083730089847,3
196.87083730089847,3
196.87083730089847,3
196.87083730089847,3
196.87083730089847,3
196.87083730089847,3
196.87083730089847,3
196.87083730089847,3
196.87083730089847,3
196.87083730089847,3
196.87083730089847,3
196.87083730089847,3
196.87083730089847,3
196.87083730089847,3
196.87083730089847,3
196.87083730089847,3
196.87083730089847,3
196.87083730089847,3
196.87083730089847,3
196.87083730089847,3
196.87083730089847,3
196.87083730089847,3
196.87083730089847,3
196.87083730089847,3
196.87083730089847,3
196.87083730089847,3
196.87083730089847,3
196.87083730089847,3
196.87083730089847,3
196.87083730089847,3
196.87083730089847,3
196.87083730089847,3
196.87083730089847,3
196.87083730089847,3
196.87083730089847,3
196.87083730089847,3
196.87083730089847,3
196.87083730089847,3
196.87083730089847,3
196.87083730089847,3
196.87083730089847,3
196.87083730089847,3
196.87083730089847,3
196.87083730089847,3
196.87083730089847,3
196.87083730089847,3
196.87083730089847,3
196.87083730089847,3
196.87083730089847,3
196.87083730089847,3
196.87083730089847,3
196.87083730089847,3
196.87083730089847,3
196.87083730089847,3
196.87083730089847,3
196.87083730089847,3
196.87083730089847,3
196.87083730089847,3
196.87083730089847,3
196.87083730089847,3
196.87083730089847,3
196.87083730089847,3
196.87083730089847,3
196.87083730089847,3
196.87083730089847,3
196.87083730089847,3
196.87083730089847,3
196.87083730089847,3
196.87083730089847,3
196.87083730089847,3
196.87083730089847,3
196.87083730089847,3
196.87083730089847,3
196.87083730089847,3
196.87083730089847,3
196.87083730089847,3
196.87083730089847,3
196.87083730089847,3
196.87083730089847,3
196.87083730089847,3
196.87083730089847,3
