pop_size: 100
num_of_iterations: 1000
ratio_keep_best: 0
ratio_replace_worst: 0
ratio_generate_new: 0
{'fitness': 219.19783472747812, 'affinity': 0.004562088860244761, 'distance': 219.19783472747812, 'vehicles': 3, 'path': [0, 5, 3, 7, 8, 6, 4, 2, 1, 0, 13, 17, 18, 19, 15, 16, 14, 12, 0, 20, 24, 25, 10, 11, 9, 23, 22, 21, 0], 'pick_chance': 0.0065479581081035075}
{'fitness': 254.89760626452951, 'affinity': 0.0039231439426002795,'distance': 254.89760626452951, 'vehicles': 3, 'path': [0, 13, 17, 18, 19, 15, 16, 14, 12, 0, 20, 24, 25, 10, 11, 9, 6, 4, 22, 21, 0, 5, 3, 7, 8, 23, 2, 1, 0], 'pick_chance': 0.006848950767480242}
{'fitness': 253.3276925038661, 'affinity': 0.003947456316820707,  'distance': 253.3276925038661,  'vehicles': 4, 'path': [0, 20, 24, 25, 11, 6, 0, 5, 3, 7, 8, 9, 4, 2, 1, 0, 10, 23, 22, 21, 0, 13, 17, 18, 19, 15, 16, 14, 12, 0], 'pick_chance': 0.0075814991752232086}
{'fitness': 191.81361977865623, 'affinity': 0.005213394133085817, 'distance': 191.81361977865623, 'vehicles': 3, 'path': [0, 13, 17, 18, 19, 15, 16, 14, 12, 0, 20, 24, 25, 23, 22, 21, 0, 5, 3, 7, 8, 10, 11, 9, 6, 4, 2, 1, 0], 'pick_chance': 0.006743324285813144}
{'fitness': 226.29994452398745, 'affinity': 0.00441891403068374,  'distance': 226.29994452398745, 'vehicles': 3, 'path': [0, 13, 17, 18, 19, 15, 16, 14, 12, 22, 21, 0, 5, 3, 7, 10, 11, 23, 0, 20, 24, 25, 8, 9, 6, 4, 2, 1, 0], 'pick_chance': 0.006967013836410489}
{'fitness': 226.68832207743122, 'affinity': 0.004411343252425788, 'distance': 226.68832207743122, 'vehicles': 4, 'path': [0, 13, 17, 18, 19, 15, 16, 14, 12, 0, 5, 3, 7, 4, 2, 1, 0, 8, 10, 11, 9, 6, 0, 20, 24, 25, 23, 22, 21, 0], 'pick_chance': 0.006674646246299058}
{'fitness': 222.95499630499202, 'affinity': 0.004485210094292064, 'distance': 222.95499630499202, 'vehicles': 3, 'path': [0, 13, 17, 18, 19, 15, 16, 14, 12, 0, 20, 24, 25, 10, 6, 4, 2, 1, 0, 5, 3, 7, 8, 11, 9, 23, 22, 21, 0], 'pick_chance': 0.006158362832481069}
{'fitness': 191.81361977865623, 'affinity': 0.005213394133085817, 'distance': 191.81361977865623, 'vehicles': 3, 'path': [0, 20, 24, 25, 23, 22, 21, 0, 13, 17, 18, 19, 15, 16, 14, 12, 0, 5, 3, 7, 8, 10, 11, 9, 6, 4, 2, 1, 0], 'pick_chance': 0.0069076998232719174}
{'fitness': 238.13803963515213, 'affinity': 0.00419924511653865,  'distance': 238.13803963515213, 'vehicles': 4, 'path': [0, 10, 11, 6, 23, 22, 21, 0, 13, 17, 18, 19, 15, 16, 14, 12, 0, 20, 24, 25, 0, 5, 3, 7, 8, 9, 4, 2, 1, 0], 'pick_chance': 0.006653910975944555}
{'fitness': 196.87083730089847, 'affinity': 0.0050794724790629835,'distance': 196.87083730089847, 'vehicles': 3, 'path': [0, 20, 24, 25, 23, 0, 13, 17, 18, 19, 15, 16, 14, 12, 22, 21, 0, 5, 3, 7, 8, 10, 11, 9, 6, 4, 2, 1, 0], 'pick_chance': 0.007136705964138084}
{'fitness': 221.04762439921853, 'affinity': 0.004523911997325837, 'distance': 221.04762439921853, 'vehicles': 3, 'path': [0, 5, 3, 7, 8, 10, 11, 9, 6, 4, 0, 13, 17, 18, 19, 15, 16, 14, 12, 22, 21, 0, 20, 24, 25, 23, 2, 1, 0], 'pick_chance': 0.006613901665430681}
{'fitness': 214.37076082073185, 'affinity': 0.004664815276912941, 'distance': 214.37076082073185, 'vehicles': 3, 'path': [0, 13, 17, 18, 19, 15, 16, 14, 12, 0, 5, 3, 7, 8, 11, 9, 6, 4, 2, 1, 0, 20, 24, 25, 10, 23, 22, 21, 0], 'pick_chance': 0.006838174685408061}
{'fitness': 217.33246682525822, 'affinity': 0.004601245339031787, 'distance': 217.33246682525822, 'vehicles': 3, 'path': [0, 20, 24, 25, 11, 9, 6, 4, 2, 1, 0, 5, 3, 7, 8, 10, 23, 22, 21, 0, 13, 17, 18, 19, 15, 16, 14, 12, 0], 'pick_chance': 0.006299459363923068}
{'fitness': 279.4798063195333, 'affinity': 0.0035780760448097834, 'distance': 279.4798063195333,  'vehicles': 4, 'path': [0, 20, 17, 18, 19, 9, 6, 4, 2, 1, 0, 5, 3, 7, 8, 10, 11, 23, 0, 13, 15, 16, 14, 12, 22, 0, 24, 25, 21, 0], 'pick_chance': 0.006485289916195184}
{'fitness': 284.49796017073584, 'affinity': 0.0035149636904245984,'distance': 284.49796017073584, 'vehicles': 4, 'path': [0, 13, 17, 18, 19, 15, 16, 14, 23, 22, 21, 0, 3, 2, 1, 0, 20, 24, 25, 10, 9, 6, 4, 0, 5, 7, 8, 11, 12, 0], 'pick_chance': 0.006767421117781369}
{'fitness': 235.03097559117765, 'affinity': 0.004254758324874762, 'distance': 235.03097559117765, 'vehicles': 4, 'path': [0, 13, 17, 18, 19, 15, 16, 14, 12, 0, 20, 24, 25, 23, 22, 21, 0, 10, 9, 6, 4, 1, 0, 5, 3, 7, 8, 11, 2, 0], 'pick_chance': 0.006368630631663401}
{'fitness': 191.81361977865623, 'affinity': 0.005213394133085817, 'distance': 191.81361977865623, 'vehicles': 3, 'path': [0, 13, 17, 18, 19, 15, 16, 14, 12, 0, 20, 24, 25, 23, 22, 21, 0, 5, 3, 7, 8, 10, 11, 9, 6, 4, 2, 1, 0], 'pick_chance': 0.006719534281041255}
{'fitness': 239.27922737995874, 'affinity': 0.004179217773936012, 'distance': 239.27922737995874, 'vehicles': 4, 'path': [0, 5, 3, 7, 11, 9, 6, 4, 2, 0, 20, 24, 25, 22, 0, 13, 17, 18, 19, 15, 16, 14, 12, 1, 0, 8, 10, 23, 21, 0], 'pick_chance': 0.00660148895473147}
{'fitness': 206.389494599342, 'affinity': 0.0048452078529542955,  'distance': 206.389494599342,   'vehicles': 3, 'path': [0, 5, 3, 7, 8, 10, 11, 9, 6, 4, 22, 21, 0, 20, 24, 25, 23, 0, 13, 17, 18, 19, 15, 16, 14, 12, 2, 1, 0], 'pick_chance': 0.006529468023671241}
{'fitness': 217.33246682525822, 'affinity': 0.004601245339031787, 'distance': 217.33246682525822, 'vehicles': 3, 'path': [0, 5, 3, 7, 8, 10, 23, 22, 21, 0, 20, 24, 25, 11, 9, 6, 4, 2, 1, 0, 13, 17, 18, 19, 15, 16, 14, 12, 0], 'pick_chance': 0.006542338288526736}
