1246.1601802480773,25
1121.552443522468,22
1121.552443522468,22
1097.5212011481397,21
1097.5212011481397,21
1092.2120149375642,20
1092.2120149375642,20
1079.688107218278,20
1061.0642792419765,18
1061.0642792419765,18
1061.0642792419765,18
1059.0781417274443,20
1049.173092826597,19
1049.173092826597,19
1021.2944533155027,19
994.5004432492536,17
994.5004432492536,17
983.4132183337028,14
983.4132183337028,14
983.4132183337028,14
975.8701296056174,14
967.9736432119097,17
948.6486893654703,17
948.6375608311317,16
948.6375608311317,16
916.0073801031625,15
914.0710449707905,14
905.4854788129977,14
905.4854788129977,14
905.4854788129977,14
905.4854788129977,14
905.4854788129977,14
875.4152998882773,13
875.4152998882773,13
846.5892988015303,12
846.5892988015303,12
835.2463424654169,10
835.2463424654169,10
835.2463424654169,10
835.2463424654169,10
835.2463424654169,10
835.2463424654169,10
821.7763016743194,10
821.7763016743194,10
821.7763016743194,10
821.7763016743194,10
812.0595726632057,9
807.3230819641374,9
807.3230819641374,9
807.3230819641374,9
807.3230819641374,9
807.3230819641374,9
807.3230819641374,9
802.7995773253622,9
802.7523295549645,9
802.7523295549645,9
802.7523295549645,9
802.7523295549645,9
802.7523295549645,9
802.7523295549645,9
802.7523295549645,9
802.7523295549645,9
802.7523295549645,9
802.7523295549645,9
802.7523295549645,9
802.7523295549645,9
801.5464242541453,7
801.5464242541453,7
801.5464242541453,7
768.9147004575323,8
768.9147004575323,8
768.9147004575323,8
768.9147004575323,8
768.9147004575323,8
768.9147004575323,8
768.9147004575323,8
768.9147004575323,8
768.9147004575323,8
768.9147004575323,8
768.9147004575323,8
767.3245090329518,5
767.3245090329518,5
753.9236666710383,7
747.8291594793667,5
747.8291594793667,5
744.0240112508615,5
744.0240112508615,5
744.0240112508615,5
744.0240112508615,5
744.0240112508615,5
744.0240112508615,5
744.0240112508615,5
744.0240112508615,5
744.0240112508615,5
744.0240112508615,5
744.0240112508615,5
744.0240112508615,5
744.0240112508615,5
744.0240112508615,5
731.2750727275171,5
731.2750727275171,5
731.2750727275171,5
724.5895908286396,6
721.4531800518075,4
721.4531800518075,4
721.4531800518075,4
720.4275020710105,5
707.680025332328,5
703.698862904273,6
703.698862904273,6
701.2174875942814,5
688.4092509411405,5
688.4092509411405,5
688.4092509411405,5
688.4092509411405,5
688.4092509411405,5
688.4092509411405,5
688.4092509411405,5
688.4092509411405,5
688.4092509411405,5
684.3205710274455,5
684.3205710274455,5
684.3205710274455,5
684.3205710274455,5
684.3205710274455,5
684.3205710274455,5
684.3205710274455,5
684.3205710274455,5
684.3205710274455,5
684.3205710274455,5
684.3205710274455,5
684.3205710274455,5
684.3205710274455,5
684.3205710274455,5
684.3205710274455,5
684.3205710274455,5
684.3205710274455,5
684.3205710274455,5
654.2212091118863,5
654.2212091118863,5
654.2212091118863,5
654.2212091118863,5
647.9558194696347,5
647.9558194696347,5
647.9558194696347,5
647.9558194696347,5
647.9558194696347,5
647.9558194696347,5
647.9558194696347,5
647.9558194696347,5
647.9558194696347,5
647.9558194696347,5
647.9558194696347,5
647.9558194696347,5
647.9558194696347,5
647.9558194696347,5
647.9558194696347,5
647.9558194696347,5
647.9558194696347,5
647.9558194696347,5
647.9558194696347,5
647.9558194696347,5
647.9558194696347,5
647.9558194696347,5
647.9558194696347,5
647.9558194696347,5
647.9558194696347,5
647.9558194696347,5
647.9558194696347,5
647.9558194696347,5
647.9558194696347,5
647.9558194696347,5
647.9558194696347,5
647.9558194696347,5
647.9558194696347,5
647.9558194696347,5
647.9558194696347,5
647.9558194696347,5
647.9558194696347,5
647.9558194696347,5
647.9558194696347,5
647.9558194696347,5
647.9558194696347,5
647.9558194696347,5
633.8172348552094,4
633.8172348552094,4
633.8172348552094,4
633.8172348552094,4
633.8172348552094,4
633.8172348552094,4
633.8172348552094,4
633.8172348552094,4
613.4960108980373,4
613.4960108980373,4
613.4960108980373,4
613.4960108980373,4
613.4960108980373,4
613.4960108980373,4
613.4960108980373,4
613.4960108980373,4
613.4960108980373,4
613.4960108980373,4
611.5748531685613,4
611.5748531685613,4
611.5748531685613,4
602.4853019204437,4
602.4853019204437,4
601.621317058672,4
601.621317058672,4
601.621317058672,4
601.621317058672,4
589.0535559677727,4
589.0535559677727,4
589.0535559677727,4
589.0535559677727,4
589.0535559677727,4
589.0535559677727,4
589.0535559677727,4
589.0535559677727,4
589.0535559677727,4
589.0535559677727,4
589.0535559677727,4
589.0535559677727,4
589.0535559677727,4
589.0535559677727,4
589.0535559677727,4
589.0535559677727,4
589.0535559677727,4
589.0535559677727,4
589.0535559677727,4
589.0535559677727,4
589.0535559677727,4
589.0535559677727,4
589.0535559677727,4
589.0535559677727,4
589.0535559677727,4
589.0535559677727,4
589.0535559677727,4
589.0535559677727,4
589.0535559677727,4
589.0535559677727,4
589.0535559677727,4
589.0535559677727,4
573.8586433741667,4
573.8586433741667,4
573.8586433741667,4
563.4551964943315,4
563.4551964943315,4
563.4551964943315,4
563.4551964943315,4
563.4551964943315,4
563.4551964943315,4
563.4551964943315,4
563.4551964943315,4
563.4551964943315,4
563.4551964943315,4
563.4551964943315,4
563.4551964943315,4
563.4551964943315,4
563.4551964943315,4
563.4551964943315,4
563.4551964943315,4
563.4551964943315,4
563.4551964943315,4
563.4551964943315,4
563.4551964943315,4
563.4551964943315,4
563.4551964943315,4
563.4551964943315,4
563.4551964943315,4
563.4551964943315,4
563.4551964943315,4
563.4551964943315,4
563.4551964943315,4
563.4551964943315,4
563.4551964943315,4
563.4551964943315,4
563.4551964943315,4
563.4551964943315,4
563.4551964943315,4
563.4551964943315,4
563.4551964943315,4
563.4551964943315,4
563.4551964943315,4
563.4551964943315,4
563.4551964943315,4
563.4551964943315,4
563.4551964943315,4
563.4551964943315,4
563.4551964943315,4
563.4551964943315,4
563.4551964943315,4
563.4551964943315,4
563.4551964943315,4
563.4551964943315,4
563.4551964943315,4
563.4551964943315,4
563.4551964943315,4
563.4551964943315,4
563.4551964943315,4
563.4551964943315,4
563.4551964943315,4
563.4551964943315,4
563.4551964943315,4
563.4551964943315,4
563.4551964943315,4
563.4551964943315,4
563.4551964943315,4
563.4551964943315,4
563.4551964943315,4
563.4551964943315,4
563.4551964943315,4
563.4551964943315,4
563.4551964943315,4
563.4551964943315,4
563.4551964943315,4
563.4551964943315,4
563.4551964943315,4
563.4551964943315,4
563.4551964943315,4
563.4551964943315,4
563.4551964943315,4
563.4551964943315,4
563.4551964943315,4
563.4551964943315,4
563.4551964943315,4
563.4551964943315,4
563.4551964943315,4
563.4551964943315,4
563.4551964943315,4
563.4551964943315,4
563.4551964943315,4
563.4551964943315,4
563.4551964943315,4
563.4551964943315,4
563.4551964943315,4
563.4551964943315,4
563.4551964943315,4
563.4551964943315,4
563.4551964943315,4
563.4551964943315,4
563.4551964943315,4
563.4551964943315,4
563.4551964943315,4
563.4551964943315,4
563.4551964943315,4
563.4551964943315,4
563.4551964943315,4
563.4551964943315,4
563.4551964943315,4
563.4551964943315,4
563.4551964943315,4
563.4551964943315,4
563.4551964943315,4
563.4551964943315,4
563.4551964943315,4
563.4551964943315,4
563.4551964943315,4
563.4551964943315,4
563.4551964943315,4
563.4551964943315,4
563.4551964943315,4
563.4551964943315,4
563.4551964943315,4
563.4551964943315,4
563.4551964943315,4
563.4551964943315,4
563.4551964943315,4
563.4551964943315,4
563.4551964943315,4
563.4551964943315,4
563.4551964943315,4
563.4551964943315,4
563.4551964943315,4
563.4551964943315,4
563.4551964943315,4
563.4551964943315,4
563.4551964943315,4
563.4551964943315,4
563.4551964943315,4
563.4551964943315,4
563.4551964943315,4
563.4551964943315,4
563.4551964943315,4
563.4551964943315,4
563.4551964943315,4
563.4551964943315,4
563.4551964943315,4
563.4551964943315,4
563.4551964943315,4
563.4551964943315,4
563.4551964943315,4
563.4551964943315,4
563.4551964943315,4
563.4551964943315,4
563.4551964943315,4
563.4551964943315,4
563.4551964943315,4
563.4551964943315,4
563.4551964943315,4
563.4551964943315,4
563.4551964943315,4
563.4551964943315,4
563.4551964943315,4
563.4551964943315,4
563.4551964943315,4
563.4551964943315,4
563.4551964943315,4
563.4551964943315,4
563.4551964943315,4
563.4551964943315,4
563.4551964943315,4
563.4551964943315,4
563.4551964943315,4
563.4551964943315,4
563.4551964943315,4
563.4551964943315,4
563.4551964943315,4
563.4551964943315,4
563.4551964943315,4
563.4551964943315,4
563.4551964943315,4
563.4551964943315,4
563.4551964943315,4
563.4551964943315,4
563.4551964943315,4
563.4551964943315,4
563.4551964943315,4
563.4551964943315,4
563.4551964943315,4
563.4551964943315,4
563.4551964943315,4
563.4551964943315,4
563.4551964943315,4
563.4551964943315,4
563.4551964943315,4
563.4551964943315,4
563.4551964943315,4
563.4551964943315,4
563.4551964943315,4
563.4551964943315,4
563.4551964943315,4
563.4551964943315,4
563.4551964943315,4
563.4551964943315,4
563.4551964943315,4
563.4551964943315,4
563.4551964943315,4
563.4551964943315,4
563.4551964943315,4
563.4551964943315,4
563.4551964943315,4
563.4551964943315,4
563.4551964943315,4
563.4551964943315,4
563.4551964943315,4
563.4551964943315,4
563.4551964943315,4
563.4551964943315,4
563.4551964943315,4
563.4551964943315,4
563.4551964943315,4
563.4551964943315,4
563.4551964943315,4
563.4551964943315,4
563.4551964943315,4
563.4551964943315,4
563.4551964943315,4
563.4551964943315,4
563.4551964943315,4
563.4551964943315,4
563.4551964943315,4
563.4551964943315,4
563.4551964943315,4
563.4551964943315,4
563.4551964943315,4
563.4551964943315,4
563.4551964943315,4
563.4551964943315,4
563.4551964943315,4
563.4551964943315,4
563.4551964943315,4
563.4551964943315,4
563.4551964943315,4
563.4551964943315,4
563.4551964943315,4
563.4551964943315,4
563.4551964943315,4
563.4551964943315,4
563.4551964943315,4
563.4551964943315,4
563.4551964943315,4
563.4551964943315,4
563.4551964943315,4
563.4551964943315,4
563.4551964943315,4
563.4551964943315,4
563.4551964943315,4
563.4551964943315,4
563.4551964943315,4
563.4551964943315,4
563.4551964943315,4
563.4551964943315,4
563.4551964943315,4
563.4551964943315,4
563.4551964943315,4
563.4551964943315,4
563.4551964943315,4
563.4551964943315,4
563.4551964943315,4
563.4551964943315,4
563.4551964943315,4
563.4551964943315,4
563.4551964943315,4
563.4551964943315,4
563.4551964943315,4
563.4551964943315,4
563.4551964943315,4
563.4551964943315,4
563.4551964943315,4
563.4551964943315,4
563.4551964943315,4
563.4551964943315,4
563.4551964943315,4
563.4551964943315,4
563.4551964943315,4
563.4551964943315,4
563.4551964943315,4
563.4551964943315,4
563.4551964943315,4
563.4551964943315,4
563.4551964943315,4
563.4551964943315,4
563.4551964943315,4
563.4551964943315,4
563.4551964943315,4
563.4551964943315,4
563.4551964943315,4
563.4551964943315,4
563.4551964943315,4
563.4551964943315,4
563.4551964943315,4
563.4551964943315,4
563.4551964943315,4
563.4551964943315,4
563.4551964943315,4
563.4551964943315,4
563.4551964943315,4
563.4551964943315,4
563.4551964943315,4
563.4551964943315,4
563.4551964943315,4
563.4551964943315,4
563.4551964943315,4
563.4551964943315,4
563.4551964943315,4
563.4551964943315,4
563.4551964943315,4
563.4551964943315,4
563.4551964943315,4
563.4551964943315,4
563.4551964943315,4
563.4551964943315,4
563.4551964943315,4
563.4551964943315,4
563.4551964943315,4
563.4551964943315,4
563.4551964943315,4
563.4551964943315,4
563.4551964943315,4
563.4551964943315,4
563.4551964943315,4
563.4551964943315,4
563.4551964943315,4
563.4551964943315,4
563.4551964943315,4
563.4551964943315,4
563.4551964943315,4
563.4551964943315,4
563.4551964943315,4
563.4551964943315,4
563.4551964943315,4
563.4551964943315,4
563.4551964943315,4
563.4551964943315,4
563.4551964943315,4
563.4551964943315,4
563.4551964943315,4
563.4551964943315,4
563.4551964943315,4
563.4551964943315,4
563.4551964943315,4
563.4551964943315,4
563.4551964943315,4
563.4551964943315,4
563.4551964943315,4
563.4551964943315,4
563.4551964943315,4
563.4551964943315,4
563.4551964943315,4
563.4551964943315,4
563.4551964943315,4
563.4551964943315,4
563.4551964943315,4
563.4551964943315,4
563.4551964943315,4
563.4551964943315,4
563.4551964943315,4
563.4551964943315,4
563.4551964943315,4
563.4551964943315,4
563.4551964943315,4
563.4551964943315,4
563.4551964943315,4
563.4551964943315,4
563.4551964943315,4
563.4551964943315,4
563.4551964943315,4
563.4551964943315,4
563.4551964943315,4
563.4551964943315,4
563.4551964943315,4
563.4551964943315,4
563.4551964943315,4
563.4551964943315,4
563.4551964943315,4
563.4551964943315,4
563.4551964943315,4
563.4551964943315,4
563.4551964943315,4
563.4551964943315,4
563.4551964943315,4
559.5097575487791,3
553.7878612233691,3
553.7878612233691,3
553.7878612233691,3
553.7878612233691,3
553.7878612233691,3
553.7878612233691,3
553.7878612233691,3
553.7878612233691,3
553.7878612233691,3
553.7878612233691,3
553.7878612233691,3
553.7878612233691,3
553.7878612233691,3
553.7878612233691,3
553.7878612233691,3
553.7878612233691,3
553.7878612233691,3
553.7878612233691,3
553.7878612233691,3
553.7878612233691,3
553.7878612233691,3
553.7878612233691,3
553.7878612233691,3
553.7878612233691,3
553.7878612233691,3
553.7878612233691,3
553.7878612233691,3
553.7878612233691,3
553.7878612233691,3
553.7878612233691,3
553.7878612233691,3
553.7878612233691,3
553.7878612233691,3
553.7878612233691,3
553.7878612233691,3
553.7878612233691,3
553.7878612233691,3
553.7878612233691,3
553.7878612233691,3
553.7878612233691,3
553.7878612233691,3
553.7878612233691,3
553.7878612233691,3
553.7878612233691,3
553.7878612233691,3
553.7878612233691,3
553.7878612233691,3
553.7878612233691,3
553.7878612233691,3
553.7878612233691,3
553.7878612233691,3
553.7878612233691,3
553.7878612233691,3
553.7878612233691,3
553.7878612233691,3
553.7878612233691,3
553.7878612233691,3
553.7878612233691,3
553.7878612233691,3
553.3480585687241,3
553.3480585687241,3
552.187203246886,3
551.040241278479,3
551.040241278479,3
551.040241278479,3
539.8388039310665,3
539.8388039310665,3
539.8388039310665,3
539.8388039310665,3
539.8388039310665,3
539.8388039310665,3
539.8388039310665,3
539.8388039310665,3
539.8388039310665,3
539.8388039310665,3
539.8388039310665,3
539.8388039310665,3
539.8388039310665,3
539.8388039310665,3
539.8388039310665,3
539.8388039310665,3
539.8388039310665,3
539.8388039310665,3
539.8388039310665,3
539.8388039310665,3
539.8388039310665,3
539.8388039310665,3
539.8388039310665,3
539.8388039310665,3
539.8388039310665,3
539.8388039310665,3
539.8388039310665,3
539.8388039310665,3
539.8388039310665,3
539.8388039310665,3
539.8388039310665,3
539.8388039310665,3
539.8388039310665,3
539.8388039310665,3
539.8388039310665,3
539.8388039310665,3
539.8388039310665,3
539.8388039310665,3
539.8388039310665,3
539.8388039310665,3
539.8388039310665,3
539.8388039310665,3
539.8388039310665,3
539.8388039310665,3
539.8388039310665,3
539.8388039310665,3
539.8388039310665,3
539.8388039310665,3
539.8388039310665,3
539.8388039310665,3
539.8388039310665,3
539.8388039310665,3
539.8388039310665,3
539.8388039310665,3
539.8388039310665,3
539.8388039310665,3
539.8388039310665,3
539.8388039310665,3
539.8388039310665,3
539.8388039310665,3
539.8388039310665,3
539.8388039310665,3
539.8388039310665,3
539.8388039310665,3
539.8388039310665,3
539.8388039310665,3
539.8388039310665,3
539.8388039310665,3
539.8388039310665,3
539.8388039310665,3
539.8388039310665,3
539.8388039310665,3
539.8388039310665,3
539.8388039310665,3
539.8388039310665,3
539.8388039310665,3
539.8388039310665,3
539.8388039310665,3
539.8388039310665,3
539.8388039310665,3
539.8388039310665,3
539.8388039310665,3
539.8388039310665,3
539.8388039310665,3
539.8388039310665,3
539.8388039310665,3
539.8388039310665,3
539.8388039310665,3
539.8388039310665,3
539.8388039310665,3
539.8388039310665,3
539.8388039310665,3
539.8388039310665,3
539.8388039310665,3
539.8388039310665,3
539.8388039310665,3
539.8388039310665,3
539.8388039310665,3
539.8388039310665,3
539.8388039310665,3
539.8388039310665,3
539.8388039310665,3
539.8388039310665,3
539.8388039310665,3
539.8388039310665,3
539.8388039310665,3
539.8388039310665,3
539.8388039310665,3
539.8388039310665,3
539.8388039310665,3
539.8388039310665,3
539.8388039310665,3
539.8388039310665,3
539.8388039310665,3
539.8388039310665,3
539.8388039310665,3
539.8388039310665,3
539.8388039310665,3
539.8388039310665,3
539.8388039310665,3
539.8388039310665,3
539.8388039310665,3
539.8388039310665,3
539.8388039310665,3
539.8388039310665,3
539.8388039310665,3
539.8388039310665,3
539.8388039310665,3
539.8388039310665,3
539.8388039310665,3
539.8388039310665,3
539.8388039310665,3
539.8388039310665,3
539.8388039310665,3
539.8388039310665,3
539.8388039310665,3
539.8388039310665,3
539.8388039310665,3
539.8388039310665,3
539.8388039310665,3
539.8388039310665,3
539.8388039310665,3
539.8388039310665,3
539.8388039310665,3
539.8388039310665,3
539.8388039310665,3
539.8388039310665,3
539.8388039310665,3
539.8388039310665,3
539.8388039310665,3
539.8388039310665,3
539.8388039310665,3
539.8388039310665,3
539.8388039310665,3
539.8388039310665,3
539.8388039310665,3
539.8388039310665,3
539.8388039310665,3
539.8388039310665,3
539.8388039310665,3
539.8388039310665,3
539.8388039310665,3
539.8388039310665,3
539.8388039310665,3
539.8388039310665,3
539.8388039310665,3
539.8388039310665,3
539.8388039310665,3
539.8388039310665,3
539.8388039310665,3
539.8388039310665,3
539.8388039310665,3
539.8388039310665,3
539.8388039310665,3
539.8388039310665,3
539.8388039310665,3
539.8388039310665,3
539.8388039310665,3
539.8388039310665,3
539.8388039310665,3
539.8388039310665,3
539.8388039310665,3
539.8388039310665,3
539.8388039310665,3
539.8388039310665,3
539.8388039310665,3
539.8388039310665,3
539.8388039310665,3
539.8388039310665,3
539.8388039310665,3
539.8388039310665,3
539.8388039310665,3
539.8388039310665,3
539.8388039310665,3
539.8388039310665,3
539.8388039310665,3
539.8388039310665,3
539.8388039310665,3
539.8388039310665,3
539.8388039310665,3
539.8388039310665,3
539.8388039310665,3
539.8388039310665,3
539.8388039310665,3
539.8388039310665,3
539.8388039310665,3
539.8388039310665,3
539.8388039310665,3
539.8388039310665,3
539.8388039310665,3
539.8388039310665,3
539.8388039310665,3
539.8388039310665,3
539.8388039310665,3
539.8388039310665,3
539.8388039310665,3
539.8388039310665,3
539.8388039310665,3
539.8388039310665,3
539.8388039310665,3
539.8388039310665,3
539.8388039310665,3
539.8388039310665,3
539.8388039310665,3
539.8388039310665,3
539.8388039310665,3
539.8388039310665,3
539.8388039310665,3
539.8388039310665,3
539.8388039310665,3
539.8388039310665,3
539.8388039310665,3
539.8388039310665,3
539.8388039310665,3
539.8388039310665,3
539.8388039310665,3
539.8388039310665,3
539.8388039310665,3
539.8388039310665,3
539.8388039310665,3
539.8388039310665,3
539.8388039310665,3
539.8388039310665,3
539.8388039310665,3
539.8388039310665,3
539.8388039310665,3
539.8388039310665,3
539.8388039310665,3
539.8388039310665,3
539.8388039310665,3
539.8388039310665,3
539.8388039310665,3
539.8388039310665,3
539.8388039310665,3
539.8388039310665,3
539.8388039310665,3
539.8388039310665,3
539.8388039310665,3
539.8388039310665,3
539.8388039310665,3
539.8388039310665,3
539.8388039310665,3
539.8388039310665,3
539.8388039310665,3
539.8388039310665,3
539.8388039310665,3
539.8388039310665,3
539.8388039310665,3
539.8388039310665,3
539.8388039310665,3
539.8388039310665,3
539.8388039310665,3
539.8388039310665,3
539.8388039310665,3
539.8388039310665,3
539.8388039310665,3
539.8388039310665,3
539.8388039310665,3
539.8388039310665,3
539.8388039310665,3
539.8388039310665,3
539.8388039310665,3
539.8388039310665,3
539.8388039310665,3
539.8388039310665,3
539.8388039310665,3
539.8388039310665,3
539.8388039310665,3
539.8388039310665,3
539.8388039310665,3
539.8388039310665,3
539.8388039310665,3
539.8388039310665,3
539.8388039310665,3
539.8388039310665,3
539.8388039310665,3
539.8388039310665,3
539.8388039310665,3
539.8388039310665,3
539.8388039310665,3
539.8388039310665,3
539.8388039310665,3
