1246.1601802480773,25
1167.8658438917248,20
1150.219884540726,20
1134.1841397244184,21
1091.7343115029303,19
1091.7343115029303,19
1090.8389466925114,20
1075.4179930868158,19
1067.6576342449089,19
1067.6576342449089,19
1047.7296033343482,18
1036.037742956164,18
1034.5123444808314,17
993.9679589435233,16
993.9679589435233,16
993.9679589435233,16
993.9679589435233,16
993.9679589435233,16
993.9679589435233,16
993.9679589435233,16
993.9679589435233,16
993.9679589435233,16
993.9679589435233,16
993.9679589435233,16
993.9679589435233,16
977.1363954519685,15
977.1363954519685,15
977.1363954519685,15
973.0141512424032,14
969.2323563859752,12
969.2323563859752,12
956.7513230532165,15
956.7513230532165,15
931.6345594574891,11
926.166077571467,11
925.1093046818007,11
920.5543642986571,9
911.7254366138084,8
911.7254366138084,8
911.7254366138084,8
911.7254366138084,8
911.7254366138084,8
911.7254366138084,8
906.2093160219794,10
906.2093160219794,10
886.9117718525808,10
886.9117718525808,10
863.248821280306,10
863.248821280306,10
863.248821280306,10
863.248821280306,10
863.248821280306,10
846.2434838500529,8
846.2434838500529,8
839.396067360232,7
824.0305545050894,9
815.8459502424837,8
815.8459502424837,8
815.8459502424837,8
815.8459502424837,8
815.8459502424837,8
815.8459502424837,8
815.8459502424837,8
815.8459502424837,8
815.8459502424837,8
815.8459502424837,8
815.8459502424837,8
811.9986004954304,7
795.5678740277218,6
781.8583938219023,6
771.9526077434427,6
771.9526077434427,6
768.6933628176178,6
768.6933628176178,6
748.268844898917,6
748.268844898917,6
748.268844898917,6
748.268844898917,6
747.5033845281981,5
738.004400623766,5
738.004400623766,5
738.004400623766,5
738.004400623766,5
738.004400623766,5
738.004400623766,5
738.004400623766,5
738.004400623766,5
738.004400623766,5
738.004400623766,5
738.004400623766,5
738.004400623766,5
738.004400623766,5
738.004400623766,5
738.004400623766,5
738.004400623766,5
738.004400623766,5
738.004400623766,5
738.004400623766,5
738.004400623766,5
738.004400623766,5
738.004400623766,5
738.004400623766,5
738.004400623766,5
738.004400623766,5
738.004400623766,5
738.004400623766,5
738.004400623766,5
738.004400623766,5
738.004400623766,5
722.9281792871592,5
722.9281792871592,5
722.9281792871592,5
722.9281792871592,5
722.9281792871592,5
722.9281792871592,5
714.8176838521559,6
714.8176838521559,6
714.8176838521559,6
714.8176838521559,6
714.8176838521559,6
714.8176838521559,6
714.8176838521559,6
714.8176838521559,6
713.7522523072255,6
711.9140270644975,5
690.1635304355381,5
674.749717784047,5
673.8695487259514,5
673.8695487259514,5
663.2397973437038,5
663.2397973437038,5
657.026848562266,5
657.026848562266,5
645.62675550319,5
617.4759088999913,5
617.4759088999913,5
617.4759088999913,5
617.4759088999913,5
617.4759088999913,5
604.3442618023668,5
604.3442618023668,5
603.3466204504639,5
603.3466204504639,5
603.3466204504639,5
603.3466204504639,5
603.3466204504639,5
603.3466204504639,5
603.3466204504639,5
603.3466204504639,5
603.3466204504639,5
603.3466204504639,5
603.3466204504639,5
603.3466204504639,5
603.3466204504639,5
603.3466204504639,5
603.3466204504639,5
603.3466204504639,5
603.3466204504639,5
596.6502462316125,5
595.2046448765461,5
595.2046448765461,5
595.2046448765461,5
595.2046448765461,5
595.2046448765461,5
595.2046448765461,5
595.2046448765461,5
595.2046448765461,5
595.2046448765461,5
595.2046448765461,5
595.2046448765461,5
595.2046448765461,5
595.2046448765461,5
595.2046448765461,5
595.2046448765461,5
595.2046448765461,5
595.2046448765461,5
595.2046448765461,5
595.2046448765461,5
595.2046448765461,5
595.2046448765461,5
595.2046448765461,5
595.2046448765461,5
595.2046448765461,5
595.2046448765461,5
595.2046448765461,5
595.2046448765461,5
595.2046448765461,5
595.2046448765461,5
595.2046448765461,5
595.2046448765461,5
595.2046448765461,5
595.2046448765461,5
595.2046448765461,5
595.2046448765461,5
595.2046448765461,5
595.2046448765461,5
595.2046448765461,5
595.2046448765461,5
595.2046448765461,5
595.2046448765461,5
595.2046448765461,5
595.2046448765461,5
595.2046448765461,5
595.2046448765461,5
595.2046448765461,5
595.2046448765461,5
595.2046448765461,5
595.2046448765461,5
595.2046448765461,5
595.2046448765461,5
595.2046448765461,5
595.2046448765461,5
595.2046448765461,5
595.2046448765461,5
595.2046448765461,5
595.2046448765461,5
595.2046448765461,5
595.2046448765461,5
589.2993352169973,4
589.2993352169973,4
589.2993352169973,4
589.2993352169973,4
589.2993352169973,4
589.2993352169973,4
589.2993352169973,4
589.2993352169973,4
589.2993352169973,4
589.2993352169973,4
589.2993352169973,4
589.2993352169973,4
589.2993352169973,4
589.2993352169973,4
589.2993352169973,4
589.2993352169973,4
589.2993352169973,4
589.2993352169973,4
589.2993352169973,4
589.2993352169973,4
589.2993352169973,4
589.2993352169973,4
589.2993352169973,4
589.2993352169973,4
585.3589639120487,4
585.3589639120487,4
585.3589639120487,4
585.3589639120487,4
585.3589639120487,4
585.3589639120487,4
585.3589639120487,4
585.3589639120487,4
585.3589639120487,4
585.3589639120487,4
585.3589639120487,4
585.3589639120487,4
585.3589639120487,4
585.3589639120487,4
585.3589639120487,4
585.3589639120487,4
585.3589639120487,4
585.3589639120487,4
585.3589639120487,4
585.3589639120487,4
585.3589639120487,4
585.3589639120487,4
585.3589639120487,4
585.3589639120487,4
585.3589639120487,4
585.3589639120487,4
585.3589639120487,4
585.3589639120487,4
585.3589639120487,4
585.3589639120487,4
585.3589639120487,4
585.3589639120487,4
585.3589639120487,4
585.3589639120487,4
585.3589639120487,4
585.3589639120487,4
585.3589639120487,4
585.3589639120487,4
585.3589639120487,4
554.9439729955396,4
554.9439729955396,4
554.9439729955396,4
554.9439729955396,4
554.9439729955396,4
554.9439729955396,4
554.9439729955396,4
554.9439729955396,4
554.9439729955396,4
554.9439729955396,4
554.9439729955396,4
554.9439729955396,4
554.9439729955396,4
554.9439729955396,4
554.9439729955396,4
554.9439729955396,4
554.9439729955396,4
554.9439729955396,4
554.9439729955396,4
554.9439729955396,4
554.9439729955396,4
554.9439729955396,4
554.9439729955396,4
554.9439729955396,4
554.9439729955396,4
554.9439729955396,4
554.9439729955396,4
554.9439729955396,4
554.9439729955396,4
554.9439729955396,4
554.9439729955396,4
554.9439729955396,4
554.9439729955396,4
554.9439729955396,4
554.9439729955396,4
554.9439729955396,4
554.9439729955396,4
554.9439729955396,4
554.9439729955396,4
554.9439729955396,4
554.9439729955396,4
554.9439729955396,4
554.9439729955396,4
554.9439729955396,4
554.9439729955396,4
554.9439729955396,4
554.9439729955396,4
554.9439729955396,4
554.9439729955396,4
554.9439729955396,4
554.9439729955396,4
554.9439729955396,4
554.9439729955396,4
554.9439729955396,4
554.9439729955396,4
554.9439729955396,4
554.9439729955396,4
554.9439729955396,4
554.9439729955396,4
554.9439729955396,4
554.9439729955396,4
554.9439729955396,4
554.9439729955396,4
554.9439729955396,4
554.9439729955396,4
554.9439729955396,4
554.9439729955396,4
554.9439729955396,4
554.9439729955396,4
554.9439729955396,4
554.9439729955396,4
554.9439729955396,4
554.9439729955396,4
554.9439729955396,4
554.9439729955396,4
554.9439729955396,4
554.9439729955396,4
554.9439729955396,4
554.9439729955396,4
554.9439729955396,4
554.9439729955396,4
554.9439729955396,4
554.9439729955396,4
554.9439729955396,4
554.9439729955396,4
554.9439729955396,4
554.9439729955396,4
554.9439729955396,4
554.9439729955396,4
554.9439729955396,4
554.9439729955396,4
554.9439729955396,4
554.9439729955396,4
554.9439729955396,4
554.9439729955396,4
554.9439729955396,4
554.9439729955396,4
554.9439729955396,4
554.9439729955396,4
554.9439729955396,4
554.9439729955396,4
554.9439729955396,4
554.9439729955396,4
554.9439729955396,4
554.9439729955396,4
554.9439729955396,4
554.9439729955396,4
554.9439729955396,4
554.9439729955396,4
554.9439729955396,4
554.9439729955396,4
554.9439729955396,4
554.9439729955396,4
554.9439729955396,4
554.9439729955396,4
554.9439729955396,4
554.9439729955396,4
554.9439729955396,4
554.9439729955396,4
554.9439729955396,4
554.9439729955396,4
554.9439729955396,4
554.9439729955396,4
554.9439729955396,4
554.9439729955396,4
554.9439729955396,4
554.9439729955396,4
554.9439729955396,4
554.9439729955396,4
554.9439729955396,4
554.9439729955396,4
554.9439729955396,4
554.9439729955396,4
554.9439729955396,4
554.9439729955396,4
554.9439729955396,4
554.9439729955396,4
554.9439729955396,4
554.9439729955396,4
554.9439729955396,4
554.9439729955396,4
554.9439729955396,4
554.9439729955396,4
554.9439729955396,4
554.9439729955396,4
554.9439729955396,4
554.9439729955396,4
554.9439729955396,4
554.9439729955396,4
554.9439729955396,4
554.9439729955396,4
554.9439729955396,4
554.9439729955396,4
554.9439729955396,4
554.9439729955396,4
554.9439729955396,4
554.9439729955396,4
554.9439729955396,4
554.9439729955396,4
554.9439729955396,4
554.9439729955396,4
554.9439729955396,4
554.9439729955396,4
554.9439729955396,4
554.9439729955396,4
554.9439729955396,4
554.9439729955396,4
554.9439729955396,4
554.9439729955396,4
554.9439729955396,4
554.9439729955396,4
554.9439729955396,4
554.9439729955396,4
554.9439729955396,4
554.9439729955396,4
554.9439729955396,4
554.9439729955396,4
554.9439729955396,4
554.9439729955396,4
554.9439729955396,4
554.9439729955396,4
554.9439729955396,4
554.9439729955396,4
554.9439729955396,4
554.9439729955396,4
554.9439729955396,4
554.9439729955396,4
554.9439729955396,4
554.9439729955396,4
554.9439729955396,4
554.9439729955396,4
554.9439729955396,4
554.9439729955396,4
554.9439729955396,4
554.9439729955396,4
554.9439729955396,4
554.9439729955396,4
554.9439729955396,4
554.9439729955396,4
554.9439729955396,4
554.9439729955396,4
554.9439729955396,4
554.9439729955396,4
554.9439729955396,4
554.9439729955396,4
554.9439729955396,4
554.9439729955396,4
554.9439729955396,4
554.9439729955396,4
554.9439729955396,4
554.9439729955396,4
554.9439729955396,4
554.9439729955396,4
554.9439729955396,4
554.9439729955396,4
554.9439729955396,4
554.9439729955396,4
554.9439729955396,4
554.9439729955396,4
554.9439729955396,4
554.9439729955396,4
554.9439729955396,4
554.9439729955396,4
554.9439729955396,4
554.9439729955396,4
554.9439729955396,4
554.9439729955396,4
554.9439729955396,4
554.9439729955396,4
554.9439729955396,4
554.9439729955396,4
554.9439729955396,4
554.9439729955396,4
554.9439729955396,4
554.9439729955396,4
554.9439729955396,4
554.9439729955396,4
554.9439729955396,4
554.9439729955396,4
554.9439729955396,4
554.9439729955396,4
554.9439729955396,4
554.9439729955396,4
554.9439729955396,4
554.9439729955396,4
554.9439729955396,4
554.9439729955396,4
554.9439729955396,4
554.9439729955396,4
554.9439729955396,4
554.9439729955396,4
554.9439729955396,4
554.9439729955396,4
554.9439729955396,4
554.9439729955396,4
554.9439729955396,4
554.9439729955396,4
554.9439729955396,4
554.9439729955396,4
554.9439729955396,4
554.9439729955396,4
554.9439729955396,4
554.9439729955396,4
554.9439729955396,4
554.9439729955396,4
554.9439729955396,4
554.9439729955396,4
554.9439729955396,4
554.9439729955396,4
554.9439729955396,4
554.9439729955396,4
554.9439729955396,4
554.9439729955396,4
554.9439729955396,4
554.9439729955396,4
554.9439729955396,4
554.9439729955396,4
554.9439729955396,4
554.9439729955396,4
554.9439729955396,4
554.9439729955396,4
554.9439729955396,4
554.9439729955396,4
554.9439729955396,4
554.9439729955396,4
554.9439729955396,4
554.9439729955396,4
554.9439729955396,4
554.9439729955396,4
554.9439729955396,4
554.9439729955396,4
554.9439729955396,4
554.9439729955396,4
554.9439729955396,4
554.9439729955396,4
554.9439729955396,4
554.9439729955396,4
554.9439729955396,4
554.9439729955396,4
554.9439729955396,4
554.9439729955396,4
554.9439729955396,4
554.9439729955396,4
554.9439729955396,4
554.9439729955396,4
554.9439729955396,4
554.9439729955396,4
554.9439729955396,4
554.9439729955396,4
554.9439729955396,4
554.9439729955396,4
554.9439729955396,4
554.9439729955396,4
554.9439729955396,4
554.9439729955396,4
554.9439729955396,4
554.9439729955396,4
554.9439729955396,4
554.9439729955396,4
554.9439729955396,4
554.9439729955396,4
554.9439729955396,4
554.9439729955396,4
554.9439729955396,4
554.9439729955396,4
554.9439729955396,4
554.9439729955396,4
554.9439729955396,4
554.9439729955396,4
554.9439729955396,4
554.9439729955396,4
554.9439729955396,4
554.9439729955396,4
554.9439729955396,4
554.9439729955396,4
554.9439729955396,4
554.9439729955396,4
554.9439729955396,4
554.9439729955396,4
554.9439729955396,4
554.9439729955396,4
554.9439729955396,4
554.9439729955396,4
554.9439729955396,4
554.9439729955396,4
554.9439729955396,4
554.9439729955396,4
554.9439729955396,4
554.9439729955396,4
554.9439729955396,4
554.9439729955396,4
554.9439729955396,4
554.9439729955396,4
554.9439729955396,4
554.9439729955396,4
554.9439729955396,4
554.9439729955396,4
554.9439729955396,4
554.9439729955396,4
554.9439729955396,4
554.9439729955396,4
554.9439729955396,4
554.9439729955396,4
554.9439729955396,4
554.9439729955396,4
554.9439729955396,4
554.9439729955396,4
554.9439729955396,4
554.9439729955396,4
554.9439729955396,4
554.9439729955396,4
554.9439729955396,4
554.9439729955396,4
554.9439729955396,4
554.9439729955396,4
554.9439729955396,4
554.9439729955396,4
554.9439729955396,4
554.9439729955396,4
554.9439729955396,4
554.9439729955396,4
554.9439729955396,4
554.9439729955396,4
554.9439729955396,4
554.9439729955396,4
554.9439729955396,4
554.9439729955396,4
554.9439729955396,4
554.9439729955396,4
554.9439729955396,4
554.9439729955396,4
554.9439729955396,4
554.9439729955396,4
554.9439729955396,4
554.9439729955396,4
554.9439729955396,4
554.9439729955396,4
554.9439729955396,4
554.9439729955396,4
554.9439729955396,4
554.9439729955396,4
554.9439729955396,4
554.9439729955396,4
554.9439729955396,4
554.9439729955396,4
554.9439729955396,4
554.9439729955396,4
554.9439729955396,4
554.9439729955396,4
554.9439729955396,4
554.9439729955396,4
554.9439729955396,4
554.9439729955396,4
554.9439729955396,4
554.9439729955396,4
554.9439729955396,4
554.9439729955396,4
554.9439729955396,4
554.9439729955396,4
554.9439729955396,4
554.9439729955396,4
554.9439729955396,4
554.9439729955396,4
554.9439729955396,4
554.9439729955396,4
554.9439729955396,4
554.9439729955396,4
554.9439729955396,4
554.9439729955396,4
554.9439729955396,4
554.9439729955396,4
554.9439729955396,4
554.9439729955396,4
554.9439729955396,4
554.9439729955396,4
554.9439729955396,4
554.9439729955396,4
554.9439729955396,4
554.9439729955396,4
554.9439729955396,4
554.9439729955396,4
554.9439729955396,4
554.9439729955396,4
554.9439729955396,4
554.9439729955396,4
554.9439729955396,4
554.9439729955396,4
554.9439729955396,4
554.9439729955396,4
554.9439729955396,4
554.9439729955396,4
554.9439729955396,4
554.9439729955396,4
554.9439729955396,4
554.9439729955396,4
554.9439729955396,4
554.9439729955396,4
554.9439729955396,4
554.9439729955396,4
554.9439729955396,4
554.9439729955396,4
554.9439729955396,4
554.9439729955396,4
554.9439729955396,4
554.9439729955396,4
554.9439729955396,4
554.9439729955396,4
554.9439729955396,4
554.9439729955396,4
554.9439729955396,4
554.9439729955396,4
554.9439729955396,4
554.9439729955396,4
554.9439729955396,4
554.9439729955396,4
554.9439729955396,4
554.9439729955396,4
554.9439729955396,4
554.9439729955396,4
554.9439729955396,4
554.9439729955396,4
554.9439729955396,4
554.9439729955396,4
554.9439729955396,4
554.9439729955396,4
554.9439729955396,4
554.9439729955396,4
554.9439729955396,4
554.9439729955396,4
554.9439729955396,4
554.9439729955396,4
554.9439729955396,4
554.9439729955396,4
554.9439729955396,4
554.9439729955396,4
554.9439729955396,4
554.9439729955396,4
554.9439729955396,4
554.9439729955396,4
554.9439729955396,4
554.9439729955396,4
554.9439729955396,4
554.9439729955396,4
554.9439729955396,4
554.9439729955396,4
554.9439729955396,4
554.9439729955396,4
554.9439729955396,4
554.9439729955396,4
554.9439729955396,4
554.9439729955396,4
554.9439729955396,4
554.9439729955396,4
554.9439729955396,4
554.9439729955396,4
554.9439729955396,4
554.9439729955396,4
554.9439729955396,4
554.9439729955396,4
554.9439729955396,4
554.9439729955396,4
554.9439729955396,4
554.9439729955396,4
554.9439729955396,4
554.9439729955396,4
554.9439729955396,4
554.9439729955396,4
554.9439729955396,4
554.9439729955396,4
554.9439729955396,4
554.9439729955396,4
554.9439729955396,4
554.9439729955396,4
554.9439729955396,4
554.9439729955396,4
554.9439729955396,4
554.9439729955396,4
554.9439729955396,4
554.9439729955396,4
554.9439729955396,4
554.9439729955396,4
554.9439729955396,4
554.9439729955396,4
554.9439729955396,4
554.9439729955396,4
554.9439729955396,4
554.9439729955396,4
554.9439729955396,4
554.9439729955396,4
554.9439729955396,4
554.9439729955396,4
554.9439729955396,4
554.9439729955396,4
554.9439729955396,4
554.9439729955396,4
554.9439729955396,4
554.9439729955396,4
554.9439729955396,4
554.9439729955396,4
554.9439729955396,4
554.9439729955396,4
554.9439729955396,4
554.9439729955396,4
554.9439729955396,4
554.9439729955396,4
554.9439729955396,4
554.9439729955396,4
554.9439729955396,4
554.9439729955396,4
554.9439729955396,4
554.9439729955396,4
554.9439729955396,4
554.9439729955396,4
554.9439729955396,4
554.9439729955396,4
554.9439729955396,4
554.9439729955396,4
554.9439729955396,4
554.9439729955396,4
554.9439729955396,4
554.9439729955396,4
554.9439729955396,4
554.9439729955396,4
554.9439729955396,4
554.9439729955396,4
554.9439729955396,4
554.9439729955396,4
554.9439729955396,4
554.9439729955396,4
554.9439729955396,4
554.9439729955396,4
554.9439729955396,4
554.9439729955396,4
554.9439729955396,4
554.9439729955396,4
554.9439729955396,4
554.9439729955396,4
554.9439729955396,4
554.9439729955396,4
554.9439729955396,4
554.9439729955396,4
554.9439729955396,4
554.9439729955396,4
554.9439729955396,4
554.9439729955396,4
554.9439729955396,4
554.9439729955396,4
554.9439729955396,4
554.9439729955396,4
554.9439729955396,4
554.9439729955396,4
554.9439729955396,4
554.9439729955396,4
554.9439729955396,4
554.9439729955396,4
554.9439729955396,4
554.9439729955396,4
554.9439729955396,4
554.9439729955396,4
554.9439729955396,4
554.9439729955396,4
554.9439729955396,4
554.9439729955396,4
554.9439729955396,4
554.9439729955396,4
554.9439729955396,4
554.9439729955396,4
554.9439729955396,4
554.9439729955396,4
554.9439729955396,4
554.9439729955396,4
554.9439729955396,4
554.9439729955396,4
554.9439729955396,4
554.9439729955396,4
554.9439729955396,4
554.9439729955396,4
554.9439729955396,4
554.9439729955396,4
554.9439729955396,4
554.9439729955396,4
554.9439729955396,4
554.9439729955396,4
554.9439729955396,4
554.9439729955396,4
554.9439729955396,4
554.9439729955396,4
554.9439729955396,4
554.9439729955396,4
554.9439729955396,4
554.9439729955396,4
554.9439729955396,4
554.9439729955396,4
554.9439729955396,4
554.9439729955396,4
554.9439729955396,4
554.9439729955396,4
554.9439729955396,4
554.9439729955396,4
554.9439729955396,4
554.9439729955396,4
554.9439729955396,4
554.9439729955396,4
554.9439729955396,4
554.9439729955396,4
554.9439729955396,4
554.9439729955396,4
554.9439729955396,4
554.9439729955396,4
554.9439729955396,4
554.9439729955396,4
554.9439729955396,4
554.9439729955396,4
554.9439729955396,4
554.9439729955396,4
554.9439729955396,4
554.9439729955396,4
554.9439729955396,4
554.9439729955396,4
554.9439729955396,4
554.9439729955396,4
554.9439729955396,4
554.9439729955396,4
554.9439729955396,4
554.9439729955396,4
554.9439729955396,4
554.9439729955396,4
554.9439729955396,4
554.9439729955396,4
554.9439729955396,4
554.9439729955396,4
554.9439729955396,4
554.9439729955396,4
554.9439729955396,4
554.9439729955396,4
554.9439729955396,4
554.9439729955396,4
554.9439729955396,4
554.9439729955396,4
554.9439729955396,4
554.9439729955396,4
554.9439729955396,4
554.9439729955396,4
554.9439729955396,4
554.9439729955396,4
554.9439729955396,4
554.9439729955396,4
554.9439729955396,4
554.9439729955396,4
554.9439729955396,4
554.9439729955396,4
554.9439729955396,4
554.9439729955396,4
554.9439729955396,4
554.9439729955396,4
554.9439729955396,4
554.9439729955396,4
554.9439729955396,4
554.9439729955396,4
