1246.1601802480773,25
1187.6746072102824,24
1176.1032902611707,22
1160.5207144931742,23
1111.9796948306775,22
1111.9796948306775,22
1111.9796948306775,22
1091.1206029107796,21
1091.1206029107796,21
1091.1206029107796,21
1073.8165645475535,20
1052.9574726276555,19
1048.0638151017752,19
929.2503366794315,9
929.2503366794315,9
929.2503366794315,9
929.2503366794315,9
929.2503366794315,9
929.2503366794315,9
929.2503366794315,9
929.2503366794315,9
929.2503366794315,9
929.2503366794315,9
929.2503366794315,9
929.2503366794315,9
929.2503366794315,9
929.2503366794315,9
929.2503366794315,9
929.2503366794315,9
929.2503366794315,9
929.2503366794315,9
929.2503366794315,9
929.2503366794315,9
929.2503366794315,9
929.2503366794315,9
929.2503366794315,9
918.1017968357245,12
918.1017968357245,12
918.1017968357245,12
918.1017968357245,12
918.1017968357245,12
918.1017968357245,12
918.1017968357245,12
904.4382895584398,10
904.4382895584398,10
904.4382895584398,10
904.4382895584398,10
886.722982695105,9
886.722982695105,9
886.6713688649083,8
886.6713688649083,8
886.4427799334444,8
886.4427799334444,8
866.9517976312712,7
866.9517976312712,7
866.9517976312712,7
866.9517976312712,7
866.9517976312712,7
866.9517976312712,7
866.9517976312712,7
866.9517976312712,7
866.9517976312712,7
866.9517976312712,7
804.2434726179413,6
804.2434726179413,6
804.2434726179413,6
804.2434726179413,6
804.2434726179413,6
804.2434726179413,6
804.2434726179413,6
804.2434726179413,6
804.2434726179413,6
804.2434726179413,6
804.2434726179413,6
804.2434726179413,6
804.2434726179413,6
804.2434726179413,6
804.2434726179413,6
804.2434726179413,6
804.2434726179413,6
804.2434726179413,6
803.2491831229152,9
786.0328150464372,8
786.0328150464372,8
786.0328150464372,8
786.0328150464372,8
767.0870089526293,7
767.0870089526293,7
767.0870089526293,7
767.0870089526293,7
767.0870089526293,7
767.0870089526293,7
767.0870089526293,7
767.0870089526293,7
767.0870089526293,7
741.0891443110525,6
741.0891443110525,6
741.0891443110525,6
741.0891443110525,6
741.0891443110525,6
741.0891443110525,6
741.0891443110525,6
741.0891443110525,6
738.3675932575027,6
738.3675932575027,6
738.3675932575027,6
734.2724879932093,6
730.5968646326671,6
730.5968646326671,6
730.5968646326671,6
730.5968646326671,6
730.5968646326671,6
730.5968646326671,6
730.5968646326671,6
730.5968646326671,6
730.5968646326671,6
730.5968646326671,6
730.5968646326671,6
730.5968646326671,6
730.5968646326671,6
724.823495424041,6
724.823495424041,6
724.823495424041,6
724.823495424041,6
724.823495424041,6
724.823495424041,6
724.823495424041,6
724.823495424041,6
724.823495424041,6
724.823495424041,6
724.823495424041,6
724.823495424041,6
724.823495424041,6
717.5385028064563,5
704.8303004955636,5
704.8303004955636,5
704.8303004955636,5
704.8303004955636,5
704.8303004955636,5
704.8303004955636,5
704.8303004955636,5
704.8303004955636,5
704.8303004955636,5
704.8303004955636,5
688.639311596439,6
688.639311596439,6
688.639311596439,6
688.639311596439,6
688.639311596439,6
688.639311596439,6
688.639311596439,6
688.639311596439,6
688.639311596439,6
688.639311596439,6
684.389575194248,5
684.389575194248,5
684.389575194248,5
684.389575194248,5
684.389575194248,5
684.389575194248,5
684.389575194248,5
684.389575194248,5
684.389575194248,5
684.389575194248,5
684.389575194248,5
684.389575194248,5
684.389575194248,5
684.389575194248,5
684.389575194248,5
684.389575194248,5
684.389575194248,5
684.389575194248,5
684.389575194248,5
684.389575194248,5
684.389575194248,5
684.389575194248,5
684.389575194248,5
684.389575194248,5
684.389575194248,5
684.389575194248,5
684.389575194248,5
684.389575194248,5
684.389575194248,5
684.389575194248,5
684.389575194248,5
684.389575194248,5
677.6518579927363,5
677.6518579927363,5
674.9369062532638,5
672.3339021952888,5
671.1317580247584,5
635.8838117337701,5
635.8838117337701,5
635.8838117337701,5
635.8838117337701,5
635.8838117337701,5
635.8838117337701,5
635.8838117337701,5
635.8838117337701,5
635.8838117337701,5
635.8838117337701,5
635.8838117337701,5
635.8838117337701,5
635.8838117337701,5
635.8838117337701,5
635.8838117337701,5
635.8838117337701,5
635.8838117337701,5
635.8838117337701,5
635.8838117337701,5
635.8838117337701,5
635.8838117337701,5
635.8838117337701,5
635.8838117337701,5
635.8838117337701,5
635.8838117337701,5
635.8838117337701,5
635.8838117337701,5
635.8838117337701,5
635.8838117337701,5
635.8838117337701,5
635.8838117337701,5
635.8838117337701,5
635.8838117337701,5
635.8838117337701,5
635.8838117337701,5
635.8838117337701,5
635.8838117337701,5
635.8838117337701,5
635.8838117337701,5
635.8838117337701,5
635.8838117337701,5
635.8838117337701,5
635.8838117337701,5
635.8838117337701,5
635.8838117337701,5
632.7098798716376,5
632.7098798716376,5
632.7098798716376,5
632.7098798716376,5
632.7098798716376,5
632.7098798716376,5
632.7098798716376,5
632.7098798716376,5
632.7098798716376,5
632.7098798716376,5
632.7098798716376,5
632.7098798716376,5
632.7098798716376,5
632.7098798716376,5
632.7098798716376,5
632.7098798716376,5
632.7098798716376,5
632.7098798716376,5
632.7098798716376,5
632.7098798716376,5
632.7098798716376,5
632.7098798716376,5
632.7098798716376,5
632.7098798716376,5
632.7098798716376,5
632.7098798716376,5
632.7098798716376,5
632.7098798716376,5
632.7098798716376,5
632.7098798716376,5
632.7098798716376,5
632.7098798716376,5
632.7098798716376,5
632.7098798716376,5
632.7098798716376,5
632.7098798716376,5
632.7098798716376,5
632.7098798716376,5
632.7098798716376,5
632.7098798716376,5
632.7098798716376,5
632.7098798716376,5
632.7098798716376,5
632.7098798716376,5
632.7098798716376,5
632.7098798716376,5
632.7098798716376,5
632.7098798716376,5
632.7098798716376,5
632.7098798716376,5
632.7098798716376,5
632.7098798716376,5
632.7098798716376,5
632.7098798716376,5
632.7098798716376,5
632.7098798716376,5
632.7098798716376,5
632.7098798716376,5
632.7098798716376,5
632.7098798716376,5
632.7098798716376,5
632.7098798716376,5
632.7098798716376,5
632.7098798716376,5
632.7098798716376,5
632.7098798716376,5
632.7098798716376,5
632.7098798716376,5
632.7098798716376,5
632.7098798716376,5
632.7098798716376,5
632.7098798716376,5
632.7098798716376,5
632.7098798716376,5
632.7098798716376,5
632.7098798716376,5
632.7098798716376,5
632.7098798716376,5
632.7098798716376,5
632.7098798716376,5
632.7098798716376,5
632.7098798716376,5
632.7098798716376,5
632.7098798716376,5
632.7098798716376,5
632.7098798716376,5
632.7098798716376,5
632.7098798716376,5
632.7098798716376,5
632.7098798716376,5
632.7098798716376,5
632.7098798716376,5
632.7098798716376,5
632.7098798716376,5
632.7098798716376,5
632.7098798716376,5
632.7098798716376,5
632.7098798716376,5
632.7098798716376,5
632.7098798716376,5
632.7098798716376,5
632.7098798716376,5
632.7098798716376,5
632.7098798716376,5
632.7098798716376,5
632.7098798716376,5
632.7098798716376,5
632.7098798716376,5
632.7098798716376,5
632.7098798716376,5
632.7098798716376,5
632.7098798716376,5
632.7098798716376,5
632.7098798716376,5
632.7098798716376,5
632.7098798716376,5
632.7098798716376,5
632.7098798716376,5
632.7098798716376,5
632.7098798716376,5
632.7098798716376,5
632.7098798716376,5
632.7098798716376,5
632.7098798716376,5
632.7098798716376,5
632.7098798716376,5
632.7098798716376,5
632.7098798716376,5
632.7098798716376,5
632.7098798716376,5
632.7098798716376,5
632.7098798716376,5
632.7098798716376,5
632.7098798716376,5
632.7098798716376,5
632.7098798716376,5
632.7098798716376,5
632.7098798716376,5
632.7098798716376,5
632.7098798716376,5
632.7098798716376,5
632.7098798716376,5
632.7098798716376,5
632.7098798716376,5
632.7098798716376,5
632.7098798716376,5
632.7098798716376,5
632.7098798716376,5
632.7098798716376,5
632.7098798716376,5
632.7098798716376,5
632.7098798716376,5
632.7098798716376,5
632.7098798716376,5
632.7098798716376,5
632.7098798716376,5
632.7098798716376,5
632.7098798716376,5
632.7098798716376,5
632.7098798716376,5
632.7098798716376,5
632.7098798716376,5
632.7098798716376,5
632.7098798716376,5
632.7098798716376,5
632.7098798716376,5
632.7098798716376,5
632.7098798716376,5
632.7098798716376,5
632.7098798716376,5
632.7098798716376,5
632.7098798716376,5
632.7098798716376,5
632.7098798716376,5
632.7098798716376,5
632.7098798716376,5
632.7098798716376,5
632.7098798716376,5
632.7098798716376,5
632.7098798716376,5
632.7098798716376,5
632.7098798716376,5
632.7098798716376,5
632.7098798716376,5
632.7098798716376,5
632.7098798716376,5
632.7098798716376,5
632.7098798716376,5
632.7098798716376,5
632.7098798716376,5
632.7098798716376,5
632.7098798716376,5
632.7098798716376,5
631.7587090985595,4
631.7587090985595,4
631.7587090985595,4
631.7587090985595,4
631.7587090985595,4
625.7597174998185,4
625.7597174998185,4
625.7597174998185,4
622.1027218394254,4
622.1027218394254,4
622.1027218394254,4
622.1027218394254,4
622.1027218394254,4
622.1027218394254,4
622.1027218394254,4
622.1027218394254,4
622.1027218394254,4
622.1027218394254,4
622.1027218394254,4
622.1027218394254,4
622.1027218394254,4
622.1027218394254,4
616.4144674168654,4
616.4144674168654,4
616.1010489334312,3
616.1010489334312,3
616.1010489334312,3
616.1010489334312,3
616.1010489334312,3
616.1010489334312,3
616.1010489334312,3
612.2240842954972,3
612.2240842954972,3
603.3036046335332,3
603.3036046335332,3
600.9495872710122,3
600.9495872710122,3
592.0645250207469,3
592.0645250207469,3
592.0645250207469,3
592.0645250207469,3
592.0645250207469,3
592.0645250207469,3
592.0645250207469,3
592.0645250207469,3
592.0645250207469,3
592.0645250207469,3
592.0645250207469,3
592.0645250207469,3
592.0645250207469,3
592.0645250207469,3
592.0645250207469,3
592.0645250207469,3
592.0645250207469,3
592.0645250207469,3
592.0645250207469,3
592.0645250207469,3
592.0645250207469,3
592.0645250207469,3
579.2134236110325,3
579.2134236110325,3
579.2134236110325,3
579.2134236110325,3
579.2134236110325,3
579.2134236110325,3
579.2134236110325,3
579.2134236110325,3
579.2134236110325,3
579.2134236110325,3
579.2134236110325,3
579.2134236110325,3
579.2134236110325,3
579.2134236110325,3
579.2134236110325,3
576.7524254835,3
576.7524254835,3
576.7524254835,3
576.7524254835,3
576.7524254835,3
576.7524254835,3
576.7524254835,3
576.7524254835,3
573.9873063544824,3
573.9873063544824,3
573.9873063544824,3
569.2652685798561,3
569.2652685798561,3
569.2652685798561,3
569.2652685798561,3
569.2652685798561,3
569.2652685798561,3
569.2652685798561,3
569.2652685798561,3
569.2652685798561,3
569.2652685798561,3
569.2652685798561,3
569.2652685798561,3
569.2652685798561,3
569.2652685798561,3
569.2652685798561,3
569.2652685798561,3
569.2652685798561,3
569.2652685798561,3
569.2652685798561,3
569.2652685798561,3
569.2652685798561,3
569.2652685798561,3
569.2652685798561,3
569.2652685798561,3
569.2652685798561,3
569.2652685798561,3
569.2652685798561,3
569.2652685798561,3
569.2652685798561,3
569.2652685798561,3
569.2652685798561,3
569.2652685798561,3
569.2652685798561,3
569.2652685798561,3
569.2652685798561,3
569.2652685798561,3
569.2652685798561,3
569.2652685798561,3
569.2652685798561,3
569.2652685798561,3
569.2652685798561,3
569.2652685798561,3
569.2652685798561,3
569.2652685798561,3
569.2652685798561,3
569.2652685798561,3
569.2652685798561,3
569.2652685798561,3
569.2652685798561,3
569.2652685798561,3
569.2652685798561,3
569.2652685798561,3
569.2652685798561,3
569.2652685798561,3
569.2652685798561,3
569.2652685798561,3
569.2652685798561,3
569.2652685798561,3
569.2652685798561,3
569.2652685798561,3
569.2652685798561,3
569.2652685798561,3
569.2652685798561,3
569.2652685798561,3
569.2652685798561,3
568.7034782806415,3
568.7034782806415,3
568.7034782806415,3
568.7034782806415,3
568.7034782806415,3
568.7034782806415,3
568.7034782806415,3
568.7034782806415,3
568.7034782806415,3
568.7034782806415,3
568.7034782806415,3
568.7034782806415,3
568.7034782806415,3
568.7034782806415,3
568.7034782806415,3
568.7034782806415,3
568.7034782806415,3
568.7034782806415,3
568.7034782806415,3
568.7034782806415,3
568.7034782806415,3
568.7034782806415,3
568.7034782806415,3
568.7034782806415,3
568.7034782806415,3
568.7034782806415,3
568.7034782806415,3
568.7034782806415,3
568.7034782806415,3
568.7034782806415,3
568.7034782806415,3
568.7034782806415,3
568.7034782806415,3
568.7034782806415,3
568.7034782806415,3
568.7034782806415,3
568.7034782806415,3
568.7034782806415,3
568.7034782806415,3
568.7034782806415,3
568.7034782806415,3
568.7034782806415,3
568.7034782806415,3
568.7034782806415,3
568.7034782806415,3
568.7034782806415,3
568.7034782806415,3
568.7034782806415,3
568.7034782806415,3
568.7034782806415,3
568.7034782806415,3
568.7034782806415,3
568.7034782806415,3
568.7034782806415,3
568.7034782806415,3
568.7034782806415,3
568.7034782806415,3
568.7034782806415,3
568.7034782806415,3
568.7034782806415,3
568.7034782806415,3
568.7034782806415,3
568.7034782806415,3
568.7034782806415,3
568.7034782806415,3
568.7034782806415,3
568.7034782806415,3
568.7034782806415,3
568.7034782806415,3
568.7034782806415,3
568.7034782806415,3
568.7034782806415,3
568.7034782806415,3
568.7034782806415,3
568.7034782806415,3
568.7034782806415,3
568.7034782806415,3
568.7034782806415,3
568.7034782806415,3
568.7034782806415,3
568.7034782806415,3
568.7034782806415,3
568.7034782806415,3
568.7034782806415,3
568.7034782806415,3
568.7034782806415,3
568.7034782806415,3
568.7034782806415,3
568.7034782806415,3
568.7034782806415,3
568.7034782806415,3
568.7034782806415,3
568.7034782806415,3
568.7034782806415,3
568.7034782806415,3
568.7034782806415,3
568.7034782806415,3
568.7034782806415,3
568.7034782806415,3
568.7034782806415,3
568.7034782806415,3
568.7034782806415,3
568.7034782806415,3
568.7034782806415,3
568.7034782806415,3
568.7034782806415,3
568.7034782806415,3
568.7034782806415,3
568.7034782806415,3
568.7034782806415,3
568.7034782806415,3
568.7034782806415,3
568.7034782806415,3
568.7034782806415,3
568.7034782806415,3
568.7034782806415,3
568.7034782806415,3
568.7034782806415,3
568.7034782806415,3
568.7034782806415,3
568.7034782806415,3
568.7034782806415,3
568.7034782806415,3
568.7034782806415,3
568.7034782806415,3
568.7034782806415,3
568.7034782806415,3
568.7034782806415,3
568.7034782806415,3
568.7034782806415,3
568.7034782806415,3
568.7034782806415,3
568.7034782806415,3
568.7034782806415,3
568.7034782806415,3
568.7034782806415,3
568.7034782806415,3
568.7034782806415,3
554.233487747652,3
554.233487747652,3
554.233487747652,3
554.233487747652,3
554.233487747652,3
554.233487747652,3
554.233487747652,3
554.233487747652,3
554.233487747652,3
554.233487747652,3
554.233487747652,3
554.233487747652,3
554.233487747652,3
554.233487747652,3
554.233487747652,3
554.233487747652,3
554.233487747652,3
554.233487747652,3
554.233487747652,3
554.233487747652,3
554.233487747652,3
554.233487747652,3
554.233487747652,3
554.233487747652,3
554.233487747652,3
554.233487747652,3
554.233487747652,3
554.233487747652,3
554.233487747652,3
554.233487747652,3
554.233487747652,3
554.233487747652,3
554.233487747652,3
554.233487747652,3
554.233487747652,3
554.233487747652,3
554.233487747652,3
554.233487747652,3
554.233487747652,3
549.9836927798744,3
549.9836927798744,3
549.9836927798744,3
543.1070784562618,3
543.1070784562618,3
543.1070784562618,3
543.1070784562618,3
543.1070784562618,3
543.1070784562618,3
543.1070784562618,3
543.1070784562618,3
543.1070784562618,3
543.1070784562618,3
543.1070784562618,3
543.1070784562618,3
543.1070784562618,3
543.1070784562618,3
543.1070784562618,3
543.1070784562618,3
543.1070784562618,3
543.1070784562618,3
543.1070784562618,3
543.1070784562618,3
543.1070784562618,3
543.1070784562618,3
543.1070784562618,3
543.1070784562618,3
543.1070784562618,3
543.1070784562618,3
543.1070784562618,3
543.1070784562618,3
543.1070784562618,3
543.1070784562618,3
543.1070784562618,3
543.1070784562618,3
543.1070784562618,3
543.1070784562618,3
543.1070784562618,3
543.1070784562618,3
543.1070784562618,3
543.1070784562618,3
543.1070784562618,3
543.1070784562618,3
543.1070784562618,3
543.1070784562618,3
543.1070784562618,3
543.1070784562618,3
543.1070784562618,3
543.1070784562618,3
543.1070784562618,3
543.1070784562618,3
543.1070784562618,3
543.1070784562618,3
543.1070784562618,3
543.1070784562618,3
543.1070784562618,3
543.1070784562618,3
543.1070784562618,3
543.1070784562618,3
543.1070784562618,3
543.1070784562618,3
543.1070784562618,3
543.1070784562618,3
543.1070784562618,3
543.1070784562618,3
543.1070784562618,3
543.1070784562618,3
543.1070784562618,3
543.1070784562618,3
543.1070784562618,3
543.1070784562618,3
543.1070784562618,3
543.1070784562618,3
543.1070784562618,3
543.1070784562618,3
543.1070784562618,3
543.1070784562618,3
543.1070784562618,3
543.1070784562618,3
543.1070784562618,3
543.1070784562618,3
543.1070784562618,3
543.1070784562618,3
543.1070784562618,3
543.1070784562618,3
543.1070784562618,3
543.1070784562618,3
543.1070784562618,3
543.1070784562618,3
543.1070784562618,3
543.1070784562618,3
543.1070784562618,3
543.1070784562618,3
543.1070784562618,3
543.1070784562618,3
543.1070784562618,3
543.1070784562618,3
543.1070784562618,3
543.1070784562618,3
543.1070784562618,3
543.1070784562618,3
543.1070784562618,3
543.1070784562618,3
543.1070784562618,3
543.1070784562618,3
543.1070784562618,3
543.1070784562618,3
543.1070784562618,3
543.1070784562618,3
543.1070784562618,3
543.1070784562618,3
543.1070784562618,3
543.1070784562618,3
543.1070784562618,3
543.1070784562618,3
543.1070784562618,3
543.1070784562618,3
543.1070784562618,3
543.1070784562618,3
543.1070784562618,3
543.1070784562618,3
543.1070784562618,3
543.1070784562618,3
543.1070784562618,3
543.1070784562618,3
543.1070784562618,3
543.1070784562618,3
543.1070784562618,3
543.1070784562618,3
543.1070784562618,3
543.1070784562618,3
543.1070784562618,3
543.1070784562618,3
543.1070784562618,3
543.1070784562618,3
543.1070784562618,3
543.1070784562618,3
543.1070784562618,3
543.1070784562618,3
543.1070784562618,3
543.1070784562618,3
543.1070784562618,3
543.1070784562618,3
543.1070784562618,3
543.1070784562618,3
543.1070784562618,3
543.1070784562618,3
543.1070784562618,3
543.1070784562618,3
543.1070784562618,3
543.1070784562618,3
543.1070784562618,3
543.1070784562618,3
543.1070784562618,3
543.1070784562618,3
543.1070784562618,3
543.1070784562618,3
543.1070784562618,3
543.1070784562618,3
543.1070784562618,3
543.1070784562618,3
543.1070784562618,3
543.1070784562618,3
543.1070784562618,3
543.1070784562618,3
543.1070784562618,3
543.1070784562618,3
543.1070784562618,3
543.1070784562618,3
543.1070784562618,3
543.1070784562618,3
543.1070784562618,3
543.1070784562618,3
543.1070784562618,3
543.1070784562618,3
543.1070784562618,3
543.1070784562618,3
543.1070784562618,3
543.1070784562618,3
543.1070784562618,3
543.1070784562618,3
543.1070784562618,3
543.1070784562618,3
543.1070784562618,3
543.1070784562618,3
543.1070784562618,3
543.1070784562618,3
543.1070784562618,3
543.1070784562618,3
543.1070784562618,3
543.1070784562618,3
543.1070784562618,3
543.1070784562618,3
543.1070784562618,3
543.1070784562618,3
543.1070784562618,3
543.1070784562618,3
543.1070784562618,3
543.1070784562618,3
543.1070784562618,3
543.1070784562618,3
543.1070784562618,3
543.1070784562618,3
543.1070784562618,3
543.1070784562618,3
543.1070784562618,3
543.1070784562618,3
543.1070784562618,3
543.1070784562618,3
543.1070784562618,3
543.1070784562618,3
543.1070784562618,3
543.1070784562618,3
543.1070784562618,3
543.1070784562618,3
543.1070784562618,3
543.1070784562618,3
543.1070784562618,3
543.1070784562618,3
543.1070784562618,3
543.1070784562618,3
543.1070784562618,3
543.1070784562618,3
543.1070784562618,3
543.1070784562618,3
543.1070784562618,3
543.1070784562618,3
543.1070784562618,3
543.1070784562618,3
543.1070784562618,3
543.1070784562618,3
543.1070784562618,3
543.1070784562618,3
543.1070784562618,3
543.1070784562618,3
543.1070784562618,3
543.1070784562618,3
543.1070784562618,3
543.1070784562618,3
543.1070784562618,3
543.1070784562618,3
543.1070784562618,3
543.1070784562618,3
543.1070784562618,3
