pop_size: 100
num_of_iterations: 1000
ratio_keep_best: 0
ratio_replace_worst: 0
ratio_generate_new: 0
{'fitness': 560.3499635676336, 'affinity': 0.001784599027424227,  'distance': 560.3499635676336, 'vehicles': 3, 'path': [0, 12, 21, 16, 18, 8, 6, 9, 3, 20, 10, 1, 4, 25, 24, 0, 11, 19, 7, 17, 0, 5, 14, 15, 2, 23, 22, 13, 0], 'pick_chance': 0.006044211347428457}
{'fitness': 526.93930312351, 'affinity': 0.001897751779137281,    'distance': 526.93930312351,   'vehicles': 3, 'path': [0, 12, 21, 23, 22, 6, 4, 25, 24, 0, 2, 15, 14, 16, 18, 17, 13, 0, 5, 19, 11, 7, 8, 9, 3, 20, 10, 1, 0], 'pick_chance': 0.006369472303719677}
{'fitness': 554.9439729955396, 'affinity': 0.001801983711260231,  'distance': 554.9439729955396, 'vehicles': 4, 'path': [0, 12, 6, 9, 3, 10, 20, 1, 4, 25, 24, 0, 21, 2, 15, 23, 22, 0, 11, 19, 7, 18, 8, 17, 13, 0, 5, 14, 16, 0], 'pick_chance': 0.006292432151214206}
{'fitness': 543.1070784562618, 'affinity': 0.001841257534043599,  'distance': 543.1070784562618, 'vehicles': 3, 'path': [0, 5, 14, 15, 2, 21, 23, 22, 4, 24, 25, 0, 11, 19, 7, 16, 8, 18, 6, 10, 20, 0, 12, 9, 3, 1, 17, 13, 0], 'pick_chance': 0.00591070969497282}
{'fitness': 549.529892882475, 'affinity': 0.0018197372207627376,  'distance': 549.529892882475,  'vehicles': 3, 'path': [0, 2, 15, 14, 16, 7, 18, 6, 8, 17, 13, 0, 5, 19, 11, 9, 3, 1, 24, 4, 25, 0, 12, 21, 23, 22, 20, 10, 0], 'pick_chance': 0.005921629192019974}
{'fitness': 560.2815601202528, 'affinity': 0.0017848169048886255, 'distance': 560.2815601202528, 'vehicles': 3, 'path': [0, 5, 14, 16, 8, 18, 6, 13, 4, 25, 24, 0, 15, 2, 21, 12, 23, 22, 9, 3, 1, 17, 0, 11, 19, 7, 10, 20, 0], 'pick_chance': 0.006084662719086294}
{'fitness': 506.3962057990806, 'affinity': 0.0019747383344273384, 'distance': 506.3962057990806, 'vehicles': 3, 'path': [0, 19, 11, 7, 8, 18, 6, 17, 13, 0, 5, 14, 16, 21, 22, 4, 25, 24, 0, 2, 15, 23, 12, 9, 3, 20, 10, 1, 0], 'pick_chance': 0.006106413411877937}
{'fitness': 515.907852758008, 'affinity': 0.001938330643067495,   'distance': 515.907852758008,  'vehicles': 3, 'path': [0, 2, 15, 23, 21, 12, 9, 3, 20, 10, 0, 5, 14, 16, 17, 13, 1, 0, 19, 11, 7, 18, 8, 6, 22, 4, 25, 24, 0], 'pick_chance': 0.006044761850673025}
{'fitness': 536.8966578672536, 'affinity': 0.001862555829593649,  'distance': 536.8966578672536, 'vehicles': 3, 'path': [0, 5, 14, 15, 2, 21, 23, 22, 4, 0, 12, 11, 19, 7, 18, 9, 3, 20, 10, 1, 24, 25, 0, 16, 6, 8, 17, 13, 0], 'pick_chance': 0.006100666459005332}
{'fitness': 562.6442294640026, 'affinity': 0.0017773220582971943, 'distance': 562.6442294640026, 'vehicles': 4, 'path': [0, 2, 14, 16, 18, 6, 8, 17, 13, 1, 0, 5, 19, 11, 7, 10, 20, 0, 21, 12, 9, 3, 24, 4, 25, 0, 15, 23, 22, 0], 'pick_chance': 0.0062017156502157215}
{'fitness': 563.9648973083766, 'affinity': 0.0017731600047674579, 'distance': 563.9648973083766, 'vehicles': 4, 'path': [0, 21, 2, 12, 23, 22, 9, 3, 0, 5, 8, 18, 6, 13, 0, 11, 7, 19, 20, 10, 1, 4, 25, 24, 0, 15, 14, 16, 17, 0], 'pick_chance': 0.0060557712577896956}
{'fitness': 509.85639951967573, 'affinity': 0.001961336566417677, 'distance': 509.85639951967573,'vehicles': 4, 'path': [0, 11, 19, 7, 10, 1, 0, 12, 9, 3, 20, 0, 2, 15, 21, 23, 22, 4, 25, 24, 0, 5, 14, 16, 8, 18, 6, 17, 13, 0], 'pick_chance': 0.00622468812682839}
{'fitness': 534.9588014788192, 'affinity': 0.0018693028271254519, 'distance': 534.9588014788192, 'vehicles': 4, 'path': [0, 1, 4, 25, 24, 0, 12, 21, 23, 22, 9, 3, 10, 20, 0, 11, 19, 7, 8, 18, 6, 13, 0, 5, 2, 15, 14, 16, 17, 0], 'pick_chance': 0.00627964789892729}
{'fitness': 542.4132620208156, 'affinity': 0.0018436127396192316, 'distance': 542.4132620208156, 'vehicles': 3, 'path': [0, 5, 14, 16, 6, 17, 13, 0, 2, 15, 19, 11, 7, 8, 18, 9, 3, 20, 10, 1, 4, 25, 24, 0, 12, 21, 23, 22, 0], 'pick_chance': 0.006004620954176328}
{'fitness': 529.7779430569926, 'affinity': 0.0018875833037322613, 'distance': 529.7779430569926, 'vehicles': 3, 'path': [0, 5, 14, 16, 8, 18, 6, 17, 13, 0, 21, 2, 15, 23, 22, 9, 3, 1, 0, 12, 11, 19, 7, 10, 20, 24, 4, 25, 0], 'pick_chance': 0.00619342783067776}
{'fitness': 544.1210285875766, 'affinity': 0.0018378264162952664, 'distance': 544.1210285875766, 'vehicles': 4, 'path': [0, 18, 6, 22, 13, 0, 5, 14, 16, 8, 17, 0, 11, 19, 7, 10, 20, 1, 0, 2, 23, 15, 21, 12, 9, 3, 4, 25, 24, 0], 'pick_chance': 0.006068620032530862}
{'fitness': 570.3219795058266, 'affinity': 0.0017533955132966845, 'distance': 570.3219795058266, 'vehicles': 4, 'path': [0, 18, 7, 8, 6, 13, 4, 25, 24, 0, 15, 14, 16, 12, 9, 20, 10, 1, 0, 2, 21, 23, 22, 3, 0, 5, 11, 19, 17, 0], 'pick_chance': 0.006091846280621589}
{'fitness': 539.8388039310665, 'affinity': 0.0018524048155080246, 'distance': 539.8388039310665, 'vehicles': 3, 'path': [0, 16, 6, 0, 5, 14, 2, 15, 23, 21, 22, 9, 3, 20, 10, 1, 4, 25, 24, 0, 12, 11, 19, 7, 18, 8, 17, 13, 0], 'pick_chance': 0.005941771562649593}
{'fitness': 543.6043388819743, 'affinity': 0.0018395732492803318, 'distance': 543.6043388819743, 'vehicles': 4, 'path': [0, 12, 3, 4, 25, 24, 0, 5, 14, 15, 16, 18, 7, 9, 20, 10, 1, 0, 21, 2, 23, 22, 13, 17, 0, 11, 19, 8, 6, 0], 'pick_chance': 0.006388241429778866}
{'fitness': 526.5866743189512, 'affinity': 0.0018990226087534918, 'distance': 526.5866743189512, 'vehicles': 3, 'path': [0, 11, 19, 7, 8, 18, 6, 17, 13, 0, 2, 14, 15, 23, 22, 0, 5, 16, 21, 12, 9, 3, 20, 10, 1, 24, 4, 25, 0], 'pick_chance': 0.0059686330145330875}
