1886.6570290320383,25
1798.612606513818,24
1751.650617229117,23
1695.2107807980549,22
1665.4351034698916,22
1635.5328674948926,21
1561.0966646572642,20
1492.9691982963948,19
1492.9691982963948,19
1492.9691982963948,19
1492.9691982963948,19
1429.5331814792764,18
1404.1045612760938,17
1404.1045612760938,17
1404.1045612760938,17
1404.1045612760938,17
1398.4534405533216,16
1396.3194798386867,17
1347.8049581655905,16
1337.8486457215397,16
1271.0287710842822,15
1207.8798852541179,14
1207.8798852541179,14
1207.8798852541179,14
1207.8798852541179,14
1207.8798852541179,14
1207.8798852541179,14
1207.8798852541179,14
1173.1501328162674,13
1173.1501328162674,13
1173.1501328162674,13
1173.1501328162674,13
1173.1501328162674,13
1170.27135459122,13
1170.27135459122,13
1100.2436693354057,12
1100.2436693354057,12
1033.8916269012807,11
1033.8916269012807,11
1033.8916269012807,11
1033.8916269012807,11
1033.7467495755545,12
1033.7467495755545,12
998.9301786211696,11
998.9301786211696,11
996.8802098321679,11
963.7102643245177,11
963.7102643245177,11
963.7102643245177,11
963.7102643245177,11
937.5548275750016,10
919.2856757340859,10
919.2856757340857,10
900.4039790233194,10
900.4039790233194,10
866.2151641430768,9
866.2151641430768,9
866.2151641430768,9
866.2151641430768,9
866.2151641430768,9
866.2151641430768,9
866.2151641430768,9
852.9292455511057,9
852.9292455511057,9
852.9292455511057,9
852.9292455511057,9
852.9292455511057,9
852.9292455511057,9
852.9292455511057,9
786.8150529792732,8
786.8150529792732,8
786.8150529792732,8
786.8150529792732,8
786.8150529792732,8
786.8150529792732,8
786.8150529792732,8
786.8150529792732,8
785.9492555296375,8
785.9492555296375,8
785.9492555296375,8
785.9492555296375,8
785.9492555296375,8
767.1435385924796,8
767.1435385924796,8
767.1435385924796,8
767.1435385924796,8
767.1435385924796,8
767.1435385924796,8
767.1435385924796,8
759.9821503727123,8
759.9821503727123,8
755.9391225989917,8
755.9391225989917,8
755.9391225989917,8
695.1992509539123,7
690.7907333720981,7
690.7907333720981,7
690.7907333720981,7
683.7472343223506,7
683.7472343223506,7
628.0159842056361,6
626.0027104165989,6
625.4436936185526,6
624.0233214514784,6
613.8480766247148,6
613.8480766247148,6
611.8924991429358,6
609.8792253538986,6
609.8792253538986,6
603.9285113867704,6
603.9285113867704,6
603.9285113867704,6
603.9285113867704,6
603.9285113867704,6
603.9285113867704,6
603.9285113867704,6
603.9285113867704,6
603.9285113867704,6
603.9285113867704,6
603.9285113867704,6
603.9285113867704,6
603.9285113867704,6
603.9285113867704,6
603.9285113867704,6
603.9285113867704,6
600.7687491318458,6
591.9110053245191,6
591.9110053245191,6
591.9110053245191,6
591.9110053245191,6
591.9110053245191,6
591.9110053245191,6
585.9602913573909,6
581.5517737755767,6
581.5517737755767,6
581.5517737755767,6
579.3875284011729,6
579.3875284011729,6
579.3875284011729,6
579.3875284011729,6
579.3875284011729,6
579.3875284011729,6
578.7623204719556,6
578.7623204719556,6
578.7623204719556,6
578.7623204719556,6
578.7623204719556,6
578.7623204719556,6
578.7623204719556,6
578.7623204719556,6
578.7623204719556,6
578.7623204719556,6
578.7623204719556,6
578.7623204719556,6
578.7623204719556,6
578.7623204719556,6
578.4340256799301,5
573.6359876460106,5
573.6359876460106,5
573.6359876460106,5
573.6359876460106,5
573.6359876460106,5
534.0404280999963,5
534.0404280999963,5
534.0404280999963,5
534.0404280999963,5
534.0404280999963,5
534.0404280999963,5
534.0404280999963,5
534.0404280999963,5
534.0404280999963,5
513.057285291328,5
513.057285291328,5
513.057285291328,5
513.057285291328,5
513.057285291328,5
513.057285291328,5
513.057285291328,5
513.057285291328,5
513.057285291328,5
513.057285291328,5
513.057285291328,5
513.057285291328,5
513.057285291328,5
513.057285291328,5
513.057285291328,5
513.057285291328,5
513.057285291328,5
513.057285291328,5
513.057285291328,5
513.057285291328,5
513.057285291328,5
513.057285291328,5
513.057285291328,5
513.057285291328,5
513.057285291328,5
513.057285291328,5
513.057285291328,5
513.057285291328,5
507.89238552546095,5
507.89238552546095,5
507.89238552546095,5
507.89238552546095,5
507.89238552546095,5
507.89238552546095,5
507.89238552546095,5
507.89238552546095,5
507.89238552546095,5
507.89238552546095,5
507.89238552546095,5
507.89238552546095,5
507.89238552546095,5
507.89238552546095,5
507.89238552546095,5
507.89238552546095,5
507.89238552546095,5
507.89238552546095,5
507.89238552546095,5
507.89238552546095,5
507.89238552546095,5
507.89238552546095,5
507.89238552546095,5
507.89238552546095,5
507.89238552546095,5
507.89238552546095,5
507.89238552546095,5
507.89238552546095,5
507.89238552546095,5
507.89238552546095,5
507.89238552546095,5
507.89238552546095,5
507.89238552546095,5
507.89238552546095,5
507.89238552546095,5
507.89238552546095,5
507.89238552546095,5
507.89238552546095,5
507.89238552546095,5
507.89238552546095,5
507.89238552546095,5
507.89238552546095,5
507.89238552546095,5
507.89238552546095,5
507.89238552546095,5
507.89238552546095,5
507.89238552546095,5
507.89238552546095,5
507.89238552546095,5
507.89238552546095,5
507.89238552546095,5
507.89238552546095,5
507.89238552546095,5
507.89238552546095,5
507.89238552546095,5
507.89238552546095,5
507.89238552546095,5
507.89238552546095,5
507.89238552546095,5
507.89238552546095,5
507.89238552546095,5
507.89238552546095,5
507.89238552546095,5
507.89238552546095,5
507.89238552546095,5
507.89238552546095,5
507.89238552546095,5
507.89238552546095,5
507.89238552546095,5
507.89238552546095,5
507.89238552546095,5
507.89238552546095,5
507.89238552546095,5
507.89238552546095,5
507.89238552546095,5
507.89238552546095,5
507.89238552546095,5
507.7250642019858,5
507.7250642019858,5
507.7250642019858,5
507.7250642019858,5
507.7250642019858,5
507.7250642019858,5
506.50295218062416,5
506.50295218062416,5
506.50295218062416,5
506.50295218062416,5
505.9803256265704,5
505.9803256265704,5
505.9803256265704,5
505.9803256265704,5
505.9803256265704,5
505.9803256265704,5
505.9803256265704,5
505.9803256265704,5
505.9803256265704,5
505.9803256265704,5
505.9803256265704,5
505.9803256265704,5
505.9803256265704,5
505.9803256265704,5
505.9803256265704,5
505.9803256265704,5
505.9803256265704,5
505.9803256265704,5
497.4621150410272,5
497.4621150410272,5
497.4621150410272,5
497.4621150410272,5
497.4621150410272,5
497.4621150410272,5
497.4621150410272,5
497.4621150410272,5
497.4621150410272,5
497.4621150410272,5
497.4621150410272,5
497.4621150410272,5
497.4621150410272,5
497.4621150410272,5
497.4621150410272,5
497.4621150410272,5
497.4621150410272,5
497.4621150410272,5
497.4621150410272,5
497.4621150410272,5
497.4621150410272,5
497.4621150410272,5
497.4621150410272,5
497.4621150410272,5
497.4621150410272,5
497.4621150410272,5
497.4621150410272,5
497.4621150410272,5
497.4621150410272,5
497.4621150410272,5
497.4621150410272,5
497.4621150410272,5
497.4621150410272,5
497.4621150410272,5
497.4621150410272,5
497.4621150410272,5
497.4621150410272,5
497.4621150410272,5
497.4621150410272,5
497.4621150410272,5
497.4621150410272,5
497.4621150410272,5
497.4621150410272,5
497.4621150410272,5
497.4621150410272,5
497.4621150410272,5
497.4621150410272,5
497.4621150410272,5
497.3670591480356,5
497.3670591480356,5
497.3670591480356,5
497.3670591480356,5
497.3670591480356,5
497.3670591480356,5
497.3670591480356,5
497.3670591480356,5
497.3670591480356,5
497.3670591480356,5
497.3670591480356,5
497.3670591480356,5
497.3670591480356,5
497.3670591480356,5
497.3670591480356,5
497.3670591480356,5
497.3670591480356,5
497.3670591480356,5
497.3670591480356,5
497.3670591480356,5
497.3670591480356,5
497.3670591480356,5
497.3670591480356,5
497.3670591480356,5
497.3670591480356,5
497.3670591480356,5
497.3670591480356,5
497.3670591480356,5
497.3670591480356,5
497.3670591480356,5
497.3670591480356,5
497.3670591480356,5
497.3670591480356,5
497.3670591480356,5
497.3670591480356,5
497.3670591480356,5
497.3670591480356,5
497.3670591480356,5
497.3670591480356,5
497.3670591480356,5
497.3670591480356,5
497.3670591480356,5
497.3670591480356,5
497.3670591480356,5
497.3670591480356,5
497.3670591480356,5
497.3670591480356,5
497.3670591480356,5
497.3670591480356,5
497.3670591480356,5
497.3670591480356,5
497.3670591480356,5
497.3670591480356,5
497.3670591480356,5
497.3670591480356,5
497.3670591480356,5
497.3670591480356,5
497.3670591480356,5
497.3670591480356,5
497.3670591480356,5
497.3670591480356,5
497.3670591480356,5
497.3670591480356,5
497.3670591480356,5
497.3670591480356,5
497.3670591480356,5
497.3670591480356,5
497.3670591480356,5
497.3670591480356,5
497.3670591480356,5
497.3670591480356,5
497.3670591480356,5
497.3670591480356,5
497.3670591480356,5
497.3670591480356,5
497.3670591480356,5
497.3670591480356,5
497.3670591480356,5
497.3670591480356,5
497.3670591480356,5
497.3670591480356,5
497.3670591480356,5
497.3670591480356,5
497.3670591480356,5
497.3670591480356,5
497.3670591480356,5
497.3670591480356,5
497.3670591480356,5
497.3670591480356,5
497.3670591480356,5
497.3670591480356,5
497.3670591480356,5
497.3670591480356,5
497.3670591480356,5
497.3670591480356,5
497.3670591480356,5
497.3670591480356,5
497.08169270276113,5
497.08169270276113,5
497.08169270276113,5
497.08169270276113,5
497.08169270276113,5
497.08169270276113,5
497.08169270276113,5
497.08169270276113,5
497.08169270276113,5
497.08169270276113,5
497.08169270276113,5
497.08169270276113,5
497.08169270276113,5
497.08169270276113,5
497.08169270276113,5
497.08169270276113,5
497.08169270276113,5
497.08169270276113,5
497.08169270276113,5
497.08169270276113,5
497.08169270276113,5
497.08169270276113,5
497.08169270276113,5
497.08169270276113,5
497.08169270276113,5
497.08169270276113,5
497.08169270276113,5
497.08169270276113,5
497.08169270276113,5
497.08169270276113,5
497.08169270276113,5
497.08169270276113,5
497.08169270276113,5
497.08169270276113,5
497.08169270276113,5
497.08169270276113,5
497.08169270276113,5
497.08169270276113,5
497.08169270276113,5
497.08169270276113,5
497.08169270276113,5
497.08169270276113,5
497.08169270276113,5
497.08169270276113,5
497.08169270276113,5
497.08169270276113,5
497.08169270276113,5
497.08169270276113,5
497.08169270276113,5
497.08169270276113,5
497.08169270276113,5
497.08169270276113,5
497.08169270276113,5
497.08169270276113,5
497.08169270276113,5
497.08169270276113,5
497.08169270276113,5
497.08169270276113,5
496.06918277693825,5
496.06918277693825,5
496.06918277693825,5
496.06918277693825,5
496.06918277693825,5
496.06918277693825,5
496.06918277693825,5
496.06918277693825,5
496.06918277693825,5
496.06918277693825,5
496.06918277693825,5
496.06918277693825,5
496.06918277693825,5
496.06918277693825,5
496.06918277693825,5
496.06918277693825,5
496.06918277693825,5
496.06918277693825,5
496.06918277693825,5
496.06918277693825,5
496.06918277693825,5
496.06918277693825,5
496.06918277693825,5
496.06918277693825,5
496.06918277693825,5
496.06918277693825,5
496.06918277693825,5
496.06918277693825,5
496.06918277693825,5
496.06918277693825,5
493.9932886146249,5
493.9932886146249,5
493.9932886146249,5
493.9932886146249,5
493.9932886146249,5
493.9932886146249,5
493.9932886146249,5
493.9932886146249,5
493.9932886146249,5
493.9932886146249,5
493.9932886146249,5
493.9932886146249,5
493.9932886146249,5
493.9932886146249,5
493.9932886146249,5
493.9932886146249,5
493.9932886146249,5
493.9932886146249,5
493.9932886146249,5
492.2644544053624,5
492.2644544053624,5
492.2644544053624,5
492.2644544053624,5
492.2644544053624,5
492.2644544053624,5
492.2644544053624,5
492.2644544053624,5
492.2644544053624,5
492.2644544053624,5
491.6388456907293,5
491.6388456907293,5
491.6388456907293,5
491.29091749328495,5
485.3402035261567,5
485.3402035261567,5
485.3402035261567,5
485.3402035261567,5
485.3402035261567,5
485.3402035261567,5
485.3402035261567,5
485.3402035261567,5
485.3402035261567,5
485.3402035261567,5
485.3402035261567,5
485.3402035261567,5
485.3402035261567,5
485.3402035261567,5
485.3402035261567,5
485.3402035261567,5
485.3402035261567,5
485.3402035261567,5
485.3402035261567,5
485.3402035261567,5
485.3402035261567,5
485.3402035261567,5
485.3402035261567,5
485.3402035261567,5
485.3402035261567,5
485.3402035261567,5
485.3402035261567,5
485.3402035261567,5
485.3402035261567,5
485.3402035261567,5
485.3402035261567,5
485.3402035261567,5
485.3402035261567,5
485.3402035261567,5
485.3402035261567,5
485.3402035261567,5
485.3402035261567,5
485.3402035261567,5
485.3402035261567,5
485.3402035261567,5
485.3402035261567,5
485.3402035261567,5
485.3402035261567,5
485.3402035261567,5
485.3402035261567,5
485.3402035261567,5
485.3402035261567,5
485.3402035261567,5
485.3402035261567,5
485.3402035261567,5
485.3402035261567,5
485.3402035261567,5
485.3402035261567,5
485.3402035261567,5
485.3402035261567,5
485.3402035261567,5
485.3402035261567,5
485.3402035261567,5
485.3402035261567,5
485.3402035261567,5
485.3402035261567,5
485.3402035261567,5
485.3402035261567,5
485.3402035261567,5
485.3402035261567,5
485.3402035261567,5
485.3402035261567,5
485.3402035261567,5
485.3402035261567,5
485.3402035261567,5
485.3402035261567,5
485.3402035261567,5
485.3402035261567,5
485.3402035261567,5
485.3402035261567,5
485.3402035261567,5
485.3402035261567,5
485.3402035261567,5
485.3402035261567,5
485.3402035261567,5
485.3402035261567,5
485.3402035261567,5
485.3402035261567,5
485.3402035261567,5
485.3402035261567,5
485.3402035261567,5
485.3402035261567,5
485.3402035261567,5
485.3402035261567,5
485.3402035261567,5
485.3402035261567,5
485.3402035261567,5
485.3402035261567,5
485.3402035261567,5
485.3402035261567,5
485.3402035261567,5
485.3402035261567,5
485.3402035261567,5
485.3402035261567,5
485.3402035261567,5
485.3402035261567,5
485.3402035261567,5
485.3402035261567,5
485.3402035261567,5
485.3402035261567,5
485.3402035261567,5
485.3402035261567,5
485.3402035261567,5
485.3402035261567,5
485.3402035261567,5
485.3402035261567,5
485.3402035261567,5
485.3402035261567,5
485.3402035261567,5
485.3402035261567,5
485.3402035261567,5
485.3402035261567,5
485.3402035261567,5
485.3402035261567,5
485.3402035261567,5
485.3402035261567,5
485.3402035261567,5
485.3402035261567,5
485.3402035261567,5
485.3402035261567,5
485.3402035261567,5
485.3402035261567,5
485.3402035261567,5
485.3402035261567,5
485.3402035261567,5
485.3402035261567,5
485.3402035261567,5
485.3402035261567,5
485.3402035261567,5
485.3402035261567,5
485.3402035261567,5
485.3402035261567,5
485.3402035261567,5
485.3402035261567,5
485.3402035261567,5
485.3402035261567,5
485.3402035261567,5
485.3402035261567,5
485.3402035261567,5
485.3402035261567,5
485.3402035261567,5
485.3402035261567,5
485.3402035261567,5
485.3402035261567,5
485.3402035261567,5
485.3402035261567,5
485.3402035261567,5
485.3402035261567,5
485.3402035261567,5
485.3402035261567,5
485.3402035261567,5
485.3402035261567,5
485.3402035261567,5
485.3402035261567,5
485.3402035261567,5
485.3402035261567,5
485.3402035261567,5
485.3402035261567,5
485.3402035261567,5
485.3402035261567,5
485.3402035261567,5
485.3402035261567,5
485.3402035261567,5
485.3402035261567,5
485.3402035261567,5
485.3402035261567,5
485.3402035261567,5
485.3402035261567,5
485.3402035261567,5
485.3402035261567,5
485.3402035261567,5
485.3402035261567,5
485.3402035261567,5
485.3402035261567,5
485.3402035261567,5
485.3402035261567,5
485.3402035261567,5
485.3402035261567,5
485.3402035261567,5
485.3402035261567,5
485.3402035261567,5
485.3402035261567,5
485.3402035261567,5
485.3402035261567,5
485.3402035261567,5
485.3402035261567,5
485.3402035261567,5
485.3402035261567,5
485.3402035261567,5
485.3402035261567,5
485.3402035261567,5
485.3402035261567,5
485.3402035261567,5
485.3402035261567,5
485.3402035261567,5
485.3402035261567,5
485.3402035261567,5
485.3402035261567,5
485.3402035261567,5
485.3402035261567,5
485.3402035261567,5
485.3402035261567,5
485.3402035261567,5
485.3402035261567,5
485.3402035261567,5
485.3402035261567,5
485.3402035261567,5
485.3402035261567,5
485.3402035261567,5
485.3402035261567,5
485.3402035261567,5
485.3402035261567,5
485.3402035261567,5
485.3402035261567,5
485.3402035261567,5
485.3402035261567,5
485.3402035261567,5
485.3402035261567,5
485.3402035261567,5
485.3402035261567,5
485.3402035261567,5
485.3402035261567,5
485.3402035261567,5
485.3402035261567,5
485.3402035261567,5
485.3402035261567,5
485.3402035261567,5
485.3402035261567,5
485.3402035261567,5
485.3402035261567,5
485.3402035261567,5
485.3402035261567,5
485.3402035261567,5
485.3402035261567,5
485.3402035261567,5
485.3402035261567,5
485.3402035261567,5
485.3402035261567,5
485.3402035261567,5
485.3402035261567,5
485.3402035261567,5
485.3402035261567,5
485.3402035261567,5
485.3402035261567,5
485.3402035261567,5
485.3402035261567,5
485.3402035261567,5
485.3402035261567,5
485.3402035261567,5
485.3402035261567,5
485.3402035261567,5
485.3402035261567,5
485.3402035261567,5
485.3402035261567,5
485.3402035261567,5
485.3402035261567,5
485.3402035261567,5
485.3402035261567,5
485.3402035261567,5
485.3402035261567,5
485.3402035261567,5
485.3402035261567,5
485.3402035261567,5
485.3402035261567,5
485.3402035261567,5
485.3402035261567,5
485.3402035261567,5
485.3402035261567,5
485.3402035261567,5
485.3402035261567,5
485.3402035261567,5
485.3402035261567,5
485.3402035261567,5
485.3402035261567,5
485.3402035261567,5
485.3402035261567,5
485.3402035261567,5
485.3402035261567,5
485.3402035261567,5
485.3402035261567,5
485.3402035261567,5
485.3402035261567,5
485.3402035261567,5
485.3402035261567,5
485.3402035261567,5
485.3402035261567,5
485.3402035261567,5
485.3402035261567,5
485.3402035261567,5
485.3402035261567,5
485.3402035261567,5
485.3402035261567,5
485.3402035261567,5
485.3402035261567,5
485.3402035261567,5
485.3402035261567,5
485.3402035261567,5
485.3402035261567,5
485.3402035261567,5
485.3402035261567,5
485.3402035261567,5
485.3402035261567,5
485.3402035261567,5
485.3402035261567,5
485.3402035261567,5
485.3402035261567,5
485.3402035261567,5
485.3402035261567,5
485.3402035261567,5
485.3402035261567,5
485.3402035261567,5
485.3402035261567,5
485.3402035261567,5
485.3402035261567,5
485.3402035261567,5
485.3402035261567,5
485.3402035261567,5
485.3402035261567,5
485.3402035261567,5
485.3402035261567,5
485.3402035261567,5
485.3402035261567,5
485.3402035261567,5
485.3402035261567,5
485.3402035261567,5
485.3402035261567,5
485.3402035261567,5
485.3402035261567,5
485.3402035261567,5
485.3402035261567,5
485.3402035261567,5
485.3402035261567,5
485.3402035261567,5
485.3402035261567,5
485.3402035261567,5
485.3402035261567,5
485.3402035261567,5
485.3402035261567,5
485.3402035261567,5
485.3402035261567,5
485.3402035261567,5
485.3402035261567,5
485.3402035261567,5
485.3402035261567,5
485.3402035261567,5
485.3402035261567,5
485.3402035261567,5
485.3402035261567,5
485.3402035261567,5
485.3402035261567,5
485.3402035261567,5
485.3402035261567,5
485.3402035261567,5
485.3402035261567,5
485.3402035261567,5
485.3402035261567,5
485.3402035261567,5
485.3402035261567,5
485.3402035261567,5
485.3402035261567,5
485.3402035261567,5
485.3402035261567,5
485.3402035261567,5
485.3402035261567,5
485.3402035261567,5
485.3402035261567,5
485.3402035261567,5
485.3402035261567,5
485.3402035261567,5
485.3402035261567,5
485.3402035261567,5
485.3402035261567,5
485.3402035261567,5
485.3402035261567,5
485.3402035261567,5
485.3402035261567,5
485.3402035261567,5
485.3402035261567,5
485.3402035261567,5
485.3402035261567,5
485.3402035261567,5
485.3402035261567,5
485.3402035261567,5
485.3402035261567,5
485.3402035261567,5
485.3402035261567,5
485.3402035261567,5
485.3402035261567,5
485.3402035261567,5
485.3402035261567,5
485.3402035261567,5
485.3402035261567,5
485.3402035261567,5
485.3402035261567,5
485.3402035261567,5
485.3402035261567,5
485.3402035261567,5
485.3402035261567,5
485.3402035261567,5
485.3402035261567,5
485.3402035261567,5
485.3402035261567,5
485.3402035261567,5
485.3402035261567,5
485.3402035261567,5
485.3402035261567,5
485.3402035261567,5
485.3402035261567,5
485.3402035261567,5
485.3402035261567,5
485.3402035261567,5
485.3402035261567,5
485.3402035261567,5
485.3402035261567,5
485.3402035261567,5
485.3402035261567,5
485.3402035261567,5
485.3402035261567,5
485.3402035261567,5
485.3402035261567,5
485.3402035261567,5
485.3402035261567,5
485.3402035261567,5
485.3402035261567,5
485.3402035261567,5
