1886.6570290320383,25
1796.0927976853675,23
1756.0464107095083,23
1687.2342515350083,22
1644.8160386372206,21
1599.0223890698537,20
1599.0223890698537,20
1580.8858476885655,21
1580.8858476885655,21
1565.1032514677327,20
1495.033785173567,19
1460.4678035081292,18
1431.161999959293,18
1332.4106736883327,16
1317.757637237653,16
1317.757637237653,16
1317.757637237653,16
1317.757637237653,16
1317.757637237653,16
1317.757637237653,16
1314.336188855618,16
1314.336188855618,16
1251.7056145364802,15
1243.1158662708278,15
1225.1783334519496,14
1220.3374523808425,14
1220.3374523808425,14
1214.431956453469,14
1214.431956453469,14
1180.2403455684869,13
1145.8593359649371,13
1066.19453198307,12
1065.3482782345086,12
1065.3482782345086,12
987.6697103181164,11
987.6697103181164,11
970.8553651603281,10
970.8553651603281,10
970.8553651603281,10
933.4114099813094,10
926.0352021910765,10
925.519677988461,10
925.519677988461,10
925.519677988461,10
925.519677988461,10
898.4792483535344,10
898.4792483535344,10
898.4792483535344,10
898.4792483535344,10
898.4792483535344,10
898.4792483535344,10
898.4792483535344,10
898.4792483535344,10
864.3146154127542,9
827.0611834648413,9
827.0611834648413,9
827.0611834648413,9
827.0611834648413,9
827.0611834648413,9
827.0611834648413,9
826.8825333903833,8
826.8825333903833,8
819.5116880070127,9
819.5116880070127,9
787.9407952518959,8
787.9407952518959,8
787.9407952518959,8
787.9407952518959,8
787.9407952518959,8
787.0428655073839,9
769.004876555678,8
769.004876555678,8
769.004876555678,8
769.004876555678,8
768.4571281367811,8
747.0166699614363,7
747.0166699614363,7
747.0166699614363,7
747.0166699614363,7
731.9664477262568,8
731.9664477262568,8
731.9664477262568,8
731.9664477262568,8
731.9664477262568,8
731.9664477262568,8
731.9664477262568,8
731.9664477262568,8
731.9664477262568,8
730.637423953465,7
702.284005952258,7
702.284005952258,7
702.284005952258,7
702.284005952258,7
702.284005952258,7
702.284005952258,7
702.284005952258,7
702.284005952258,7
702.284005952258,7
702.284005952258,7
702.284005952258,7
702.284005952258,7
702.284005952258,7
702.284005952258,7
702.284005952258,7
702.284005952258,7
702.284005952258,7
702.284005952258,7
702.284005952258,7
702.284005952258,7
702.284005952258,7
702.284005952258,7
702.284005952258,7
702.284005952258,7
702.284005952258,7
702.284005952258,7
702.284005952258,7
702.284005952258,7
702.284005952258,7
702.284005952258,7
688.264886321016,7
688.264886321016,7
688.264886321016,7
688.264886321016,7
688.264886321016,7
688.264886321016,7
688.264886321016,7
688.264886321016,7
688.264886321016,7
688.264886321016,7
688.264886321016,7
668.0927961421293,7
655.9218657426752,7
650.7153101269415,7
650.7153101269415,7
650.7153101269415,7
650.7153101269415,7
650.7153101269415,7
650.7153101269415,7
650.7153101269415,7
650.7153101269415,7
650.7153101269415,7
650.7153101269415,7
650.7153101269415,7
650.7153101269415,7
650.7153101269415,7
650.7153101269415,7
650.4871862862677,7
650.4871862862677,7
650.4871862862677,7
650.4871862862677,7
650.4871862862677,7
650.4871862862677,7
650.4871862862677,7
650.4871862862677,7
649.3603601218192,7
649.3603601218192,7
649.3603601218192,7
649.3603601218192,7
649.3603601218192,7
649.3603601218192,7
649.3603601218192,7
645.3894401293015,7
645.3894401293015,7
645.3894401293015,7
645.3894401293015,7
643.7285148207897,7
643.7285148207897,7
643.7285148207897,7
640.6255543703777,7
640.6255543703777,7
640.6255543703777,7
640.6255543703777,7
640.6255543703777,7
640.6255543703777,7
640.6255543703777,7
640.6255543703777,7
640.6255543703777,7
640.6255543703777,7
640.6255543703777,7
640.6255543703777,7
640.6255543703777,7
640.6255543703777,7
640.6255543703777,7
640.6255543703777,7
640.6255543703777,7
640.0420985576606,7
640.0420985576606,7
640.0420985576606,7
640.0420985576606,7
640.0420985576606,7
640.0420985576606,7
640.0420985576606,7
627.4005622721902,7
627.4005622721902,7
627.4005622721902,7
627.4005622721902,7
627.4005622721902,7
627.4005622721902,7
627.4005622721902,7
627.4005622721902,7
627.4005622721902,7
627.4005622721902,7
627.4005622721902,7
627.4005622721902,7
627.4005622721902,7
627.4005622721902,7
627.4005622721902,7
627.4005622721902,7
627.4005622721902,7
627.4005622721902,7
627.4005622721902,7
627.4005622721902,7
627.4005622721902,7
627.4005622721902,7
627.4005622721902,7
627.4005622721902,7
627.4005622721902,7
627.4005622721902,7
627.4005622721902,7
627.4005622721902,7
627.4005622721902,7
627.4005622721902,7
627.4005622721902,7
627.4005622721902,7
627.4005622721902,7
627.4005622721902,7
627.4005622721902,7
627.4005622721902,7
627.4005622721902,7
627.4005622721902,7
627.4005622721902,7
627.4005622721902,7
627.4005622721902,7
627.4005622721902,7
627.4005622721902,7
627.4005622721902,7
627.4005622721902,7
627.4005622721902,7
627.4005622721902,7
624.2787587481123,7
624.2787587481123,7
624.2787587481123,7
624.2787587481123,7
624.2765175727446,7
624.2765175727446,7
624.2765175727446,7
624.2765175727446,7
624.2765175727446,7
624.2765175727446,7
624.2765175727446,7
624.2765175727446,7
624.2765175727446,7
624.2765175727446,7
624.2765175727446,7
624.2765175727446,7
624.2765175727446,7
624.2765175727446,7
624.2765175727446,7
624.2765175727446,7
624.2765175727446,7
624.2765175727446,7
624.2765175727446,7
624.2765175727446,7
624.2765175727446,7
616.6558521983701,6
615.6823152862926,6
615.6823152862926,6
615.6823152862926,6
611.6466066987781,6
611.6466066987781,6
611.6466066987781,6
611.1761959173593,6
611.1761959173593,6
611.1761959173593,6
584.7095784821926,6
584.7095784821926,6
584.7095784821926,6
584.7095784821926,6
584.7095784821926,6
584.7095784821926,6
584.7095784821926,6
584.7095784821926,6
584.7095784821926,6
584.7095784821926,6
584.7095784821926,6
584.7095784821926,6
584.7095784821926,6
584.7095784821926,6
584.7095784821926,6
584.7095784821926,6
584.7095784821926,6
584.7095784821926,6
584.7095784821926,6
584.7095784821926,6
584.7095784821926,6
584.7095784821926,6
584.7095784821926,6
584.7095784821926,6
584.7095784821926,6
584.7095784821926,6
584.0477031809389,6
584.0477031809389,6
584.0477031809389,6
579.8907160681196,6
579.8907160681196,6
579.3844732296974,6
579.3844732296974,6
579.3844732296974,6
579.3844732296974,6
579.3844732296974,6
579.3844732296974,6
579.3844732296974,6
579.3844732296974,6
579.3844732296974,6
579.3844732296974,6
579.3844732296974,6
579.3844732296974,6
579.3844732296974,6
579.3844732296974,6
579.3844732296974,6
579.3844732296974,6
579.3844732296974,6
579.3844732296974,6
579.3844732296974,6
579.3844732296974,6
579.3844732296974,6
579.3844732296974,6
579.3844732296974,6
579.3844732296974,6
579.3844732296974,6
579.3844732296974,6
579.3844732296974,6
579.3844732296974,6
579.3844732296974,6
579.3844732296974,6
579.3844732296974,6
579.3844732296974,6
579.3844732296974,6
579.3844732296974,6
579.3844732296974,6
579.3844732296974,6
579.3844732296974,6
579.3844732296974,6
579.3844732296974,6
579.3844732296974,6
579.3844732296974,6
579.3844732296974,6
579.3844732296974,6
579.3844732296974,6
579.3844732296974,6
579.3844732296974,6
579.3844732296974,6
579.3844732296974,6
579.2198952992035,6
578.7136524607813,6
578.7136524607813,6
578.7136524607813,6
578.7136524607813,6
578.7136524607813,6
578.7136524607813,6
578.7136524607813,6
574.6648361358592,6
574.6648361358592,6
574.6648361358592,6
574.6648361358592,6
574.6648361358592,6
574.6648361358592,6
574.6648361358592,6
574.6648361358592,6
574.6648361358592,6
574.6648361358592,6
574.6648361358592,6
574.6648361358592,6
574.6648361358592,6
574.5245134644069,6
574.5245134644069,6
574.5245134644069,6
574.5245134644069,6
574.5245134644069,6
574.5245134644069,6
573.4156913473352,6
573.4156913473352,6
573.4156913473352,6
573.4156913473352,6
573.4156913473352,6
573.4156913473352,6
565.2012862262825,6
563.6645669779427,6
563.6645669779427,6
563.6645669779427,6
563.6645669779427,6
562.184787227443,6
561.7085638077014,6
561.7085638077014,6
561.7085638077014,6
561.7085638077014,6
561.7085638077014,6
561.7085638077014,6
561.7085638077014,6
561.7085638077014,6
561.7085638077014,6
561.7085638077014,6
561.7085638077014,6
561.7085638077014,6
561.7085638077014,6
561.7085638077014,6
561.7085638077014,6
561.7085638077014,6
561.7085638077014,6
561.7085638077014,6
561.7085638077014,6
561.7085638077014,6
561.7085638077014,6
561.7085638077014,6
561.7085638077014,6
561.7085638077014,6
561.7085638077014,6
561.7085638077014,6
561.7085638077014,6
561.7085638077014,6
561.7085638077014,6
561.7085638077014,6
561.7085638077014,6
561.7085638077014,6
561.7085638077014,6
561.7085638077014,6
561.7085638077014,6
561.7085638077014,6
561.7085638077014,6
561.7085638077014,6
561.7085638077014,6
561.7085638077014,6
561.7085638077014,6
561.7085638077014,6
561.7085638077014,6
561.7085638077014,6
561.7085638077014,6
561.7085638077014,6
561.7085638077014,6
561.7085638077014,6
561.7085638077014,6
561.7085638077014,6
561.7085638077014,6
561.7085638077014,6
561.7085638077014,6
561.7085638077014,6
561.7085638077014,6
561.7085638077014,6
561.7085638077014,6
561.7085638077014,6
561.7085638077014,6
561.7085638077014,6
561.7085638077014,6
561.7085638077014,6
561.7085638077014,6
561.7085638077014,6
561.7085638077014,6
561.7085638077014,6
561.7085638077014,6
561.7085638077014,6
561.7085638077014,6
561.7085638077014,6
561.7085638077014,6
561.7085638077014,6
561.7085638077014,6
561.7085638077014,6
561.7085638077014,6
561.7085638077014,6
561.7085638077014,6
561.7085638077014,6
561.7085638077014,6
561.7085638077014,6
561.7085638077014,6
561.7085638077014,6
561.7085638077014,6
561.7085638077014,6
561.7085638077014,6
561.7085638077014,6
561.7085638077014,6
561.7085638077014,6
561.7085638077014,6
561.7085638077014,6
561.7085638077014,6
561.7085638077014,6
561.7085638077014,6
561.7085638077014,6
561.7085638077014,6
561.7085638077014,6
561.7085638077014,6
561.7085638077014,6
561.7085638077014,6
561.7085638077014,6
561.7085638077014,6
561.7085638077014,6
561.7085638077014,6
561.7085638077014,6
561.7085638077014,6
561.7085638077014,6
561.7085638077014,6
561.7085638077014,6
561.7085638077014,6
561.7085638077014,6
561.7085638077014,6
561.7085638077014,6
561.7085638077014,6
561.7085638077014,6
561.7085638077014,6
561.7085638077014,6
561.7085638077014,6
561.7085638077014,6
561.7085638077014,6
561.7085638077014,6
561.7085638077014,6
561.7085638077014,6
561.7085638077014,6
561.7085638077014,6
561.7085638077014,6
561.7085638077014,6
561.7085638077014,6
561.7085638077014,6
561.7085638077014,6
561.7085638077014,6
561.7085638077014,6
561.7085638077014,6
561.7085638077014,6
561.7085638077014,6
561.7085638077014,6
561.7085638077014,6
561.7085638077014,6
561.7085638077014,6
561.7085638077014,6
561.7085638077014,6
561.7085638077014,6
561.7085638077014,6
561.7085638077014,6
561.7085638077014,6
561.7085638077014,6
561.7085638077014,6
561.7085638077014,6
561.7085638077014,6
561.7085638077014,6
561.7085638077014,6
561.7085638077014,6
561.7085638077014,6
561.7085638077014,6
561.7085638077014,6
561.7085638077014,6
561.7085638077014,6
561.7085638077014,6
561.7085638077014,6
561.7085638077014,6
561.7085638077014,6
561.7085638077014,6
561.7085638077014,6
561.7085638077014,6
561.7085638077014,6
521.8438982627083,5
521.8438982627083,5
521.8438982627083,5
521.8438982627083,5
521.8438982627083,5
521.8438982627083,5
521.8438982627083,5
521.8438982627083,5
521.0176986027932,5
521.0176986027932,5
521.0176986027932,5
521.0176986027932,5
521.0176986027932,5
521.0176986027932,5
521.0176986027932,5
521.0176986027932,5
521.0176986027932,5
513.1863524421368,5
513.1863524421368,5
513.1863524421368,5
513.1863524421368,5
513.1863524421368,5
513.1863524421368,5
512.2128155300593,5
512.2128155300593,5
512.2128155300593,5
512.2128155300593,5
512.2128155300593,5
512.2128155300593,5
512.2128155300593,5
512.2128155300593,5
512.2128155300593,5
512.2128155300593,5
512.2128155300593,5
511.7132063154386,5
511.7132063154386,5
511.7132063154386,5
511.7132063154386,5
511.7132063154386,5
511.7132063154386,5
511.7132063154386,5
510.9492578731863,5
510.9492578731863,5
510.2334265649388,5
510.2334265649388,5
510.1672642108167,5
510.1672642108167,5
510.1672642108167,5
510.1672642108167,5
499.1716939422183,5
499.1716939422183,5
499.1716939422183,5
499.1716939422183,5
499.1716939422183,5
499.1716939422183,5
499.1716939422183,5
499.1716939422183,5
499.1716939422183,5
499.1716939422183,5
499.1716939422183,5
499.1716939422183,5
499.1716939422183,5
499.1716939422183,5
499.1716939422183,5
499.1716939422183,5
499.1716939422183,5
499.1716939422183,5
499.1716939422183,5
499.1716939422183,5
499.1716939422183,5
499.1716939422183,5
499.1716939422183,5
494.38456353448373,5
494.38456353448373,5
494.38456353448373,5
494.38456353448373,5
494.38456353448373,5
494.38456353448373,5
494.38456353448373,5
494.38456353448373,5
492.9161982174395,5
492.9161982174395,5
492.9161982174395,5
492.9161982174395,5
492.9161982174395,5
492.9161982174395,5
492.9161982174395,5
492.9161982174395,5
492.9161982174395,5
492.9161982174395,5
492.9161982174395,5
492.9161982174395,5
492.9161982174395,5
492.9161982174395,5
492.9161982174395,5
492.9161982174395,5
492.9161982174395,5
492.9161982174395,5
492.9161982174395,5
492.9161982174395,5
492.9161982174395,5
492.9161982174395,5
492.9161982174395,5
492.9161982174395,5
492.9161982174395,5
492.9161982174395,5
492.9161982174395,5
492.9161982174395,5
492.9161982174395,5
492.9161982174395,5
492.9161982174395,5
492.9161982174395,5
492.9161982174395,5
492.9161982174395,5
492.9161982174395,5
492.9161982174395,5
492.9161982174395,5
492.9161982174395,5
492.9161982174395,5
492.9161982174395,5
492.9161982174395,5
492.9161982174395,5
492.9161982174395,5
492.9161982174395,5
492.9161982174395,5
492.9161982174395,5
492.9161982174395,5
492.9161982174395,5
492.9161982174395,5
492.9161982174395,5
492.9161982174395,5
492.9161982174395,5
492.9161982174395,5
492.9161982174395,5
492.9161982174395,5
492.9161982174395,5
492.9161982174395,5
492.9161982174395,5
492.9161982174395,5
492.9161982174395,5
492.9161982174395,5
492.9161982174395,5
492.9161982174395,5
492.9161982174395,5
492.9161982174395,5
492.9161982174395,5
492.9161982174395,5
492.9161982174395,5
492.9161982174395,5
492.9161982174395,5
492.9161982174395,5
492.9161982174395,5
492.9161982174395,5
492.9161982174395,5
492.9161982174395,5
492.9161982174395,5
492.9161982174395,5
492.9161982174395,5
492.9161982174395,5
492.9161982174395,5
492.9161982174395,5
492.9161982174395,5
492.9161982174395,5
492.9161982174395,5
492.9161982174395,5
492.9161982174395,5
492.9161982174395,5
492.9161982174395,5
492.9161982174395,5
492.9161982174395,5
492.9161982174395,5
492.9161982174395,5
492.9161982174395,5
492.9161982174395,5
492.9161982174395,5
492.9161982174395,5
492.9161982174395,5
492.9161982174395,5
492.9161982174395,5
492.9161982174395,5
492.9161982174395,5
492.9161982174395,5
492.9161982174395,5
492.9161982174395,5
492.9161982174395,5
492.9161982174395,5
492.9161982174395,5
492.9161982174395,5
492.9161982174395,5
492.9161982174395,5
492.9161982174395,5
492.9161982174395,5
492.9161982174395,5
492.9161982174395,5
492.9161982174395,5
492.9161982174395,5
492.9161982174395,5
492.9161982174395,5
492.9161982174395,5
492.9161982174395,5
492.9161982174395,5
492.9161982174395,5
492.9161982174395,5
492.9161982174395,5
492.9161982174395,5
492.9161982174395,5
492.9161982174395,5
492.9161982174395,5
492.9161982174395,5
492.9161982174395,5
492.9161982174395,5
492.9161982174395,5
492.9161982174395,5
492.9161982174395,5
492.9161982174395,5
492.9161982174395,5
492.9161982174395,5
492.9161982174395,5
492.9161982174395,5
492.9161982174395,5
492.9161982174395,5
492.9161982174395,5
492.9161982174395,5
492.9161982174395,5
492.9161982174395,5
492.9161982174395,5
492.9161982174395,5
492.9161982174395,5
492.9161982174395,5
492.9161982174395,5
492.9161982174395,5
492.9161982174395,5
492.9161982174395,5
492.9161982174395,5
492.56748388178914,5
492.56748388178914,5
492.56748388178914,5
492.56748388178914,5
492.56748388178914,5
492.56748388178914,5
492.56748388178914,5
492.56748388178914,5
492.56748388178914,5
492.56748388178914,5
492.56748388178914,5
492.56748388178914,5
492.56748388178914,5
492.56748388178914,5
492.56748388178914,5
492.56748388178914,5
492.56748388178914,5
492.56748388178914,5
492.56748388178914,5
492.56748388178914,5
492.56748388178914,5
492.56748388178914,5
492.56748388178914,5
492.56748388178914,5
492.56748388178914,5
492.56748388178914,5
492.56748388178914,5
492.56748388178914,5
492.56748388178914,5
492.56748388178914,5
492.56748388178914,5
492.56748388178914,5
492.56748388178914,5
492.56748388178914,5
492.56748388178914,5
492.56748388178914,5
492.56748388178914,5
492.56748388178914,5
492.56748388178914,5
492.56748388178914,5
492.56748388178914,5
492.56748388178914,5
492.56748388178914,5
492.56748388178914,5
492.56748388178914,5
492.56748388178914,5
492.56748388178914,5
492.56748388178914,5
492.56748388178914,5
492.56748388178914,5
492.56748388178914,5
492.56748388178914,5
492.56748388178914,5
492.56748388178914,5
492.56748388178914,5
492.56748388178914,5
492.56748388178914,5
492.56748388178914,5
492.56748388178914,5
492.56748388178914,5
492.56748388178914,5
492.56748388178914,5
492.56748388178914,5
492.56748388178914,5
492.56748388178914,5
492.56748388178914,5
492.56748388178914,5
492.56748388178914,5
492.56748388178914,5
492.56748388178914,5
492.56748388178914,5
492.56748388178914,5
492.56748388178914,5
492.56748388178914,5
492.56748388178914,5
492.56748388178914,5
492.56748388178914,5
492.56748388178914,5
492.56748388178914,5
492.56748388178914,5
492.56748388178914,5
492.56748388178914,5
492.56748388178914,5
492.56748388178914,5
492.56748388178914,5
492.56748388178914,5
492.56748388178914,5
492.56748388178914,5
492.56748388178914,5
492.56748388178914,5
492.56748388178914,5
492.56748388178914,5
492.56748388178914,5
492.56748388178914,5
492.56748388178914,5
492.56748388178914,5
492.56748388178914,5
492.56748388178914,5
492.56748388178914,5
492.56748388178914,5
492.56748388178914,5
492.56748388178914,5
492.56748388178914,5
492.56748388178914,5
492.56748388178914,5
492.56748388178914,5
492.56748388178914,5
492.56748388178914,5
492.56748388178914,5
492.56748388178914,5
492.56748388178914,5
492.56748388178914,5
492.56748388178914,5
492.56748388178914,5
492.56748388178914,5
492.56748388178914,5
492.56748388178914,5
492.56748388178914,5
492.56748388178914,5
492.56748388178914,5
492.56748388178914,5
492.56748388178914,5
492.56748388178914,5
492.56748388178914,5
492.56748388178914,5
492.56748388178914,5
492.56748388178914,5
492.56748388178914,5
492.56748388178914,5
492.56748388178914,5
492.56748388178914,5
492.56748388178914,5
492.56748388178914,5
492.56748388178914,5
492.56748388178914,5
492.56748388178914,5
492.56748388178914,5
492.56748388178914,5
492.56748388178914,5
492.56748388178914,5
492.56748388178914,5
492.56748388178914,5
492.56748388178914,5
492.56748388178914,5
492.56748388178914,5
492.56748388178914,5
492.56748388178914,5
492.56748388178914,5
492.56748388178914,5
492.56748388178914,5
492.56748388178914,5
492.56748388178914,5
492.56748388178914,5
492.56748388178914,5
492.56748388178914,5
492.56748388178914,5
492.56748388178914,5
492.56748388178914,5
492.56748388178914,5
492.56748388178914,5
492.56748388178914,5
492.56748388178914,5
492.56748388178914,5
492.56748388178914,5
492.56748388178914,5
492.56748388178914,5
492.56748388178914,5
492.56748388178914,5
492.56748388178914,5
492.56748388178914,5
492.56748388178914,5
492.56748388178914,5
492.56748388178914,5
492.56748388178914,5
492.56748388178914,5
492.56748388178914,5
492.56748388178914,5
492.56748388178914,5
492.56748388178914,5
492.56748388178914,5
492.56748388178914,5
492.56748388178914,5
491.7521673250227,4
490.7786304129452,4
490.7786304129452,4
490.7786304129452,4
490.7786304129452,4
490.7786304129452,4
490.7786304129452,4
490.7786304129452,4
490.7786304129452,4
490.7786304129452,4
490.7786304129452,4
490.7786304129452,4
490.7786304129452,4
490.7786304129452,4
490.7786304129452,4
490.7786304129452,4
490.7786304129452,4
490.7786304129452,4
490.7786304129452,4
490.7786304129452,4
490.7786304129452,4
490.7786304129452,4
490.7786304129452,4
490.7786304129452,4
490.7786304129452,4
490.7786304129452,4
490.7786304129452,4
490.7786304129452,4
