1886.6570290320385,25
1808.1322073670854,24
1754.1327392452085,23
1712.3791992217616,22
1667.1026269248714,22
1611.268133578153,21
1543.9527628713545,20
1543.9527628713545,20
1396.55755496408,18
1396.55755496408,18
1396.55755496408,18
1396.55755496408,18
1396.55755496408,18
1396.55755496408,18
1396.55755496408,18
1396.55755496408,18
1396.55755496408,18
1396.55755496408,18
1396.55755496408,18
1396.55755496408,18
1396.55755496408,18
1352.1478650134861,16
1352.1478650134861,16
1352.1478650134861,16
1303.2853535673808,16
1303.2853535673808,16
1270.0728308311589,15
1263.3655302422387,14
1263.3655302422387,14
1234.8789065292146,15
1228.1901596836776,13
1200.408026849292,14
1200.408026849292,14
1200.408026849292,14
1200.408026849292,14
1200.408026849292,14
1178.6669348306705,13
1167.632805871061,14
1167.632805871061,14
1142.9205535648834,12
1142.9205535648834,12
1142.9205535648834,12
1142.9205535648834,12
1142.2640687932067,12
1137.3495485538485,12
1078.7039946717905,11
1037.420323080084,10
1000.179173006837,10
942.7591475789933,10
942.7591475789933,10
933.7370433250911,9
933.7370433250911,9
867.2176029005612,8
866.6737328529972,8
866.6737328529972,8
866.6737328529972,8
866.6737328529972,8
866.6737328529972,8
809.4268859184073,8
809.4268859184073,8
809.4268859184073,8
809.4268859184073,8
809.4268859184073,8
809.4268859184073,8
809.4268859184073,8
809.4268859184073,8
809.4268859184073,8
809.4268859184073,8
809.4268859184073,8
809.4268859184073,8
809.4268859184073,8
809.4268859184073,8
809.4268859184073,8
806.2808313426679,8
806.2808313426679,8
806.2808313426679,8
806.2808313426679,8
805.6862249645052,8
802.2300395944966,8
797.8215220126825,8
738.5587020270949,7
738.5587020270949,7
738.5587020270949,7
738.5587020270949,7
734.1501844452806,7
731.1067337832015,7
731.1067337832015,7
731.1067337832015,7
730.8587259670145,7
730.8587259670145,7
730.8587259670145,7
730.8587259670145,7
727.9118201045886,7
727.9118201045886,7
727.9118201045886,7
727.9118201045886,7
727.9118201045886,7
727.9118201045886,7
727.9118201045886,7
727.9118201045886,7
727.9118201045886,7
727.9118201045886,7
727.9118201045886,7
727.9118201045886,7
720.2410802830212,7
720.2410802830212,7
720.2410802830212,7
720.2410802830212,7
720.2410802830212,7
720.2410802830212,7
720.2410802830212,7
720.2410802830212,7
720.2410802830212,7
720.2410802830212,7
720.2410802830212,7
720.2410802830212,7
720.2410802830212,7
720.2410802830212,7
720.2410802830212,7
720.2410802830212,7
720.2410802830212,7
720.2410802830212,7
720.2410802830212,7
720.2410802830212,7
720.2410802830212,7
720.2410802830212,7
720.2410802830212,7
720.2410802830212,7
720.2410802830212,7
720.2410802830212,7
720.2410802830212,7
720.2410802830212,7
718.2355972968053,7
656.5536332129625,6
656.1367014694284,6
655.7870929933197,6
649.5784766094306,6
649.5784766094306,6
649.5784766094306,6
649.5784766094306,6
649.5784766094306,6
649.5784766094306,6
649.5784766094306,6
645.100959874512,6
645.100959874512,6
645.100959874512,6
645.100959874512,6
645.100959874512,6
642.1514432171859,6
642.1514432171859,6
642.1514432171859,6
642.1514432171859,6
642.1514432171859,6
642.1514432171859,6
642.1514432171859,6
642.1514432171859,6
640.2302254500515,6
639.8950294319185,6
639.8950294319185,6
639.8950294319185,6
639.8950294319185,6
637.670639226585,6
632.6202327147715,6
632.6202327147715,6
632.6202327147715,6
632.6202327147715,6
632.6202327147715,6
632.6202327147715,6
632.6202327147715,6
632.6202327147715,6
632.6202327147715,6
632.6202327147715,6
632.6202327147715,6
632.6202327147715,6
632.4388470104558,6
632.4388470104558,6
632.4388470104558,6
632.4388470104558,6
628.9646388559514,6
628.9646388559514,6
611.8206920606333,6
611.8206920606333,6
609.8344559951585,6
609.8344559951585,6
609.8344559951585,6
609.8344559951585,6
609.8344559951585,6
609.8344559951585,6
609.8344559951585,6
609.8344559951585,6
606.5349307071028,6
606.5349307071028,6
606.5349307071028,6
606.5349307071028,6
606.5349307071028,6
606.5349307071028,6
606.5349307071028,6
598.307433262458,5
595.2541968150368,5
595.2541968150368,5
595.2541968150368,5
595.2541968150368,5
595.2541968150368,5
595.2541968150368,5
595.2541968150368,5
595.2541968150368,5
595.2541968150368,5
595.2541968150368,5
595.2541968150368,5
595.2541968150368,5
595.2541968150368,5
595.2541968150368,5
595.2541968150368,5
595.2541968150368,5
595.2541968150368,5
595.2541968150368,5
595.2541968150368,5
595.2541968150368,5
595.2541968150368,5
595.2541968150368,5
595.2541968150368,5
595.2541968150368,5
595.2541968150368,5
595.2541968150368,5
595.2541968150368,5
595.2541968150368,5
595.2541968150368,5
595.2541968150368,5
595.2541968150368,5
595.2541968150368,5
595.2541968150368,5
595.2541968150368,5
595.2541968150368,5
595.2541968150368,5
595.2541968150368,5
595.2541968150368,5
595.2541968150368,5
595.2541968150368,5
595.2541968150368,5
595.2541968150368,5
595.2541968150368,5
595.2541968150368,5
595.2541968150368,5
595.2541968150368,5
595.2541968150368,5
595.2541968150368,5
595.2541968150368,5
594.0755998643649,6
594.0755998643649,6
594.0755998643649,6
594.0755998643649,6
594.0755998643649,6
594.0755998643649,6
594.0755998643649,6
594.0755998643649,6
594.0755998643649,6
594.0755998643649,6
594.0755998643649,6
594.0755998643649,6
594.0755998643649,6
594.0755998643649,6
594.0755998643649,6
594.0755998643649,6
594.0755998643649,6
594.0755998643649,6
594.0755998643649,6
593.4552740528263,6
593.4552740528263,6
593.4552740528263,6
592.6726692327061,6
592.6067166275118,6
592.6067166275118,6
592.6067166275118,6
592.6067166275118,6
592.6067166275118,6
592.6067166275118,6
592.6067166275118,6
592.6067166275118,6
592.6067166275118,6
592.6067166275118,6
573.3458154549431,5
573.3458154549431,5
573.3458154549431,5
573.3458154549431,5
573.3458154549431,5
570.3278560246448,5
570.3278560246448,5
570.3278560246448,5
570.3278560246448,5
568.218509479313,6
568.218509479313,6
509.0573268184868,5
509.0573268184868,5
509.0573268184868,5
509.0573268184868,5
509.0573268184868,5
509.0573268184868,5
509.0573268184868,5
505.6877990477709,5
505.6877990477709,5
505.6877990477709,5
505.6877990477709,5
505.6877990477709,5
505.6877990477709,5
505.6877990477709,5
505.6877990477709,5
503.7322215659917,5
503.7322215659917,5
503.7322215659917,5
503.7322215659917,5
503.7322215659917,5
503.7322215659917,5
503.7322215659917,5
503.7322215659917,5
503.7322215659917,5
503.7322215659917,5
503.7322215659917,5
503.7322215659917,5
503.7322215659917,5
503.7322215659917,5
503.7322215659917,5
503.7322215659917,5
503.7322215659917,5
503.7322215659917,5
503.7322215659917,5
503.7322215659917,5
503.7322215659917,5
503.7322215659917,5
503.7322215659917,5
503.7322215659917,5
503.7322215659917,5
503.7322215659917,5
503.7322215659917,5
503.7322215659917,5
503.7322215659917,5
503.7322215659917,5
503.7322215659917,5
503.7322215659917,5
503.7322215659917,5
503.7322215659917,5
503.7322215659917,5
503.7322215659917,5
503.7322215659917,5
503.7322215659917,5
503.7322215659917,5
503.7322215659917,5
503.7322215659917,5
503.7322215659917,5
503.7322215659917,5
503.7322215659917,5
503.7322215659917,5
503.7322215659917,5
503.4099603974349,5
503.4099603974349,5
503.4099603974349,5
503.4099603974349,5
503.4099603974349,5
503.4099603974349,5
503.4099603974349,5
503.4099603974349,5
503.4099603974349,5
503.4099603974349,5
501.1705414781389,5
501.1705414781389,5
501.1705414781389,5
501.1705414781389,5
501.1705414781389,5
501.1705414781389,5
501.1705414781389,5
501.1705414781389,5
501.1705414781389,5
501.1705414781389,5
501.1705414781389,5
501.1705414781389,5
501.1705414781389,5
501.1705414781389,5
501.1705414781389,5
501.1705414781389,5
501.1705414781389,5
501.1705414781389,5
501.1705414781389,5
501.1705414781389,5
501.1705414781389,5
501.1705414781389,5
501.1705414781389,5
501.1705414781389,5
501.1705414781389,5
501.1705414781389,5
501.1705414781389,5
501.1705414781389,5
501.1705414781389,5
501.1705414781389,5
501.1705414781389,5
501.1705414781389,5
501.1705414781389,5
501.1705414781389,5
501.1705414781389,5
501.1705414781389,5
501.1705414781389,5
501.1705414781389,5
501.1705414781389,5
501.1705414781389,5
501.1705414781389,5
501.1705414781389,5
501.1705414781389,5
501.1705414781389,5
498.80178295075086,5
498.80178295075086,5
498.80178295075086,5
498.80178295075086,5
498.80178295075086,5
498.80178295075086,5
498.80178295075086,5
498.80178295075086,5
498.80178295075086,5
498.80178295075086,5
498.80178295075086,5
498.80178295075086,5
498.80178295075086,5
498.80178295075086,5
498.80178295075086,5
498.80178295075086,5
498.80178295075086,5
498.80178295075086,5
498.80178295075086,5
498.80178295075086,5
498.80178295075086,5
498.80178295075086,5
498.80178295075086,5
498.80178295075086,5
498.80178295075086,5
498.80178295075086,5
498.80178295075086,5
498.80178295075086,5
498.80178295075086,5
498.80178295075086,5
498.80178295075086,5
498.80178295075086,5
498.80178295075086,5
498.80178295075086,5
498.80178295075086,5
498.80178295075086,5
498.80178295075086,5
498.80178295075086,5
498.80178295075086,5
498.80178295075086,5
498.80178295075086,5
498.80178295075086,5
498.80178295075086,5
498.80178295075086,5
498.80178295075086,5
498.80178295075086,5
498.80178295075086,5
498.80178295075086,5
498.80178295075086,5
498.80178295075086,5
498.80178295075086,5
498.80178295075086,5
498.80178295075086,5
498.80178295075086,5
498.80178295075086,5
498.80178295075086,5
498.80178295075086,5
498.80178295075086,5
498.80178295075086,5
498.80178295075086,5
498.80178295075086,5
498.80178295075086,5
498.80178295075086,5
498.80178295075086,5
498.80178295075086,5
498.80178295075086,5
498.80178295075086,5
498.80178295075086,5
498.80178295075086,5
498.80178295075086,5
498.80178295075086,5
498.80178295075086,5
498.80178295075086,5
498.80178295075086,5
498.80178295075086,5
498.80178295075086,5
498.80178295075086,5
498.80178295075086,5
498.80178295075086,5
498.80178295075086,5
498.80178295075086,5
498.80178295075086,5
498.80178295075086,5
498.80178295075086,5
498.80178295075086,5
498.80178295075086,5
498.80178295075086,5
498.80178295075086,5
498.80178295075086,5
498.80178295075086,5
498.80178295075086,5
498.80178295075086,5
498.80178295075086,5
498.80178295075086,5
498.80178295075086,5
498.80178295075086,5
498.80178295075086,5
498.80178295075086,5
498.80178295075086,5
498.80178295075086,5
498.80178295075086,5
498.80178295075086,5
498.80178295075086,5
498.80178295075086,5
498.80178295075086,5
498.80178295075086,5
498.80178295075086,5
498.80178295075086,5
498.80178295075086,5
498.80178295075086,5
498.80178295075086,5
498.80178295075086,5
498.80178295075086,5
498.80178295075086,5
498.80178295075086,5
498.80178295075086,5
498.80178295075086,5
498.80178295075086,5
498.80178295075086,5
498.80178295075086,5
498.80178295075086,5
498.80178295075086,5
498.80178295075086,5
498.80178295075086,5
498.80178295075086,5
498.80178295075086,5
498.80178295075086,5
498.80178295075086,5
498.80178295075086,5
498.80178295075086,5
498.80178295075086,5
498.80178295075086,5
498.80178295075086,5
498.80178295075086,5
498.80178295075086,5
498.80178295075086,5
498.80178295075086,5
498.80178295075086,5
498.80178295075086,5
498.80178295075086,5
498.80178295075086,5
498.80178295075086,5
498.80178295075086,5
498.80178295075086,5
498.80178295075086,5
498.80178295075086,5
498.80178295075086,5
498.80178295075086,5
498.80178295075086,5
498.80178295075086,5
498.80178295075086,5
498.80178295075086,5
498.80178295075086,5
498.80178295075086,5
498.80178295075086,5
498.80178295075086,5
498.80178295075086,5
498.80178295075086,5
498.80178295075086,5
498.80178295075086,5
498.80178295075086,5
498.80178295075086,5
498.80178295075086,5
498.80178295075086,5
498.80178295075086,5
498.80178295075086,5
498.80178295075086,5
498.80178295075086,5
498.80178295075086,5
498.80178295075086,5
498.80178295075086,5
498.80178295075086,5
498.80178295075086,5
498.80178295075086,5
498.80178295075086,5
498.80178295075086,5
498.80178295075086,5
498.80178295075086,5
498.80178295075086,5
496.8359594189343,5
496.8359594189343,5
496.8359594189343,5
496.8359594189343,5
496.8359594189343,5
496.8359594189343,5
496.8359594189343,5
496.8359594189343,5
495.89773809127144,4
495.89773809127144,4
495.89773809127144,4
495.89773809127144,4
495.89773809127144,4
490.57263283877637,4
490.57263283877637,4
484.1300819109748,4
478.8049766584798,4
478.8049766584798,4
478.8049766584798,4
478.8049766584798,4
478.8049766584798,4
478.8049766584798,4
478.8049766584798,4
478.8049766584798,4
478.8049766584798,4
478.8049766584798,4
478.8049766584798,4
478.8049766584798,4
478.8049766584798,4
478.8049766584798,4
478.8049766584798,4
478.8049766584798,4
478.8049766584798,4
478.8049766584798,4
478.8049766584798,4
478.8049766584798,4
478.8049766584798,4
478.8049766584798,4
478.8049766584798,4
478.8049766584798,4
478.8049766584798,4
478.8049766584798,4
478.8049766584798,4
478.8049766584798,4
478.8049766584798,4
478.8049766584798,4
478.8049766584798,4
478.8049766584798,4
478.8049766584798,4
478.8049766584798,4
478.8049766584798,4
478.8049766584798,4
478.8049766584798,4
478.8049766584798,4
478.8049766584798,4
478.8049766584798,4
478.8049766584798,4
478.8049766584798,4
478.8049766584798,4
478.8049766584798,4
478.8049766584798,4
478.8049766584798,4
478.8049766584798,4
478.8049766584798,4
478.8049766584798,4
478.8049766584798,4
478.8049766584798,4
478.8049766584798,4
478.8049766584798,4
478.8049766584798,4
478.8049766584798,4
478.8049766584798,4
478.8049766584798,4
478.8049766584798,4
478.8049766584798,4
478.8049766584798,4
478.8049766584798,4
478.8049766584798,4
478.8049766584798,4
478.8049766584798,4
478.8049766584798,4
478.8049766584798,4
478.8049766584798,4
478.8049766584798,4
478.8049766584798,4
478.8049766584798,4
478.8049766584798,4
478.8049766584798,4
478.8049766584798,4
478.8049766584798,4
478.8049766584798,4
478.8049766584798,4
478.8049766584798,4
478.8049766584798,4
478.8049766584798,4
478.8049766584798,4
478.8049766584798,4
478.8049766584798,4
478.8049766584798,4
478.8049766584798,4
478.8049766584798,4
478.8049766584798,4
478.8049766584798,4
478.8049766584798,4
478.8049766584798,4
478.8049766584798,4
478.8049766584798,4
478.8049766584798,4
478.8049766584798,4
478.8049766584798,4
478.8049766584798,4
478.8049766584798,4
478.8049766584798,4
478.8049766584798,4
478.8049766584798,4
478.8049766584798,4
478.8049766584798,4
478.8049766584798,4
478.8049766584798,4
478.8049766584798,4
478.8049766584798,4
478.8049766584798,4
478.8049766584798,4
478.8049766584798,4
478.8049766584798,4
478.8049766584798,4
478.8049766584798,4
478.8049766584798,4
478.8049766584798,4
478.8049766584798,4
478.8049766584798,4
478.8049766584798,4
478.8049766584798,4
478.8049766584798,4
478.8049766584798,4
478.8049766584798,4
478.8049766584798,4
478.8049766584798,4
478.8049766584798,4
478.8049766584798,4
478.8049766584798,4
478.8049766584798,4
478.8049766584798,4
478.8049766584798,4
478.8049766584798,4
478.8049766584798,4
478.8049766584798,4
478.8049766584798,4
478.8049766584798,4
478.8049766584798,4
478.8049766584798,4
478.8049766584798,4
478.8049766584798,4
478.8049766584798,4
478.8049766584798,4
478.8049766584798,4
478.8049766584798,4
478.8049766584798,4
478.8049766584798,4
478.8049766584798,4
478.8049766584798,4
478.8049766584798,4
478.8049766584798,4
478.8049766584798,4
478.8049766584798,4
478.8049766584798,4
478.8049766584798,4
478.8049766584798,4
478.8049766584798,4
478.8049766584798,4
478.8049766584798,4
478.8049766584798,4
478.8049766584798,4
478.8049766584798,4
478.8049766584798,4
478.8049766584798,4
478.8049766584798,4
478.8049766584798,4
478.8049766584798,4
478.8049766584798,4
478.8049766584798,4
478.8049766584798,4
478.8049766584798,4
478.8049766584798,4
478.8049766584798,4
478.8049766584798,4
478.8049766584798,4
478.8049766584798,4
478.8049766584798,4
478.8049766584798,4
478.8049766584798,4
478.8049766584798,4
478.8049766584798,4
478.8049766584798,4
478.8049766584798,4
478.8049766584798,4
478.8049766584798,4
478.8049766584798,4
478.8049766584798,4
478.8049766584798,4
478.8049766584798,4
478.8049766584798,4
478.8049766584798,4
478.8049766584798,4
478.8049766584798,4
478.8049766584798,4
478.8049766584798,4
478.8049766584798,4
478.8049766584798,4
478.8049766584798,4
478.8049766584798,4
478.8049766584798,4
478.8049766584798,4
478.8049766584798,4
478.8049766584798,4
478.8049766584798,4
478.8049766584798,4
478.8049766584798,4
478.8049766584798,4
478.8049766584798,4
478.8049766584798,4
478.8049766584798,4
478.8049766584798,4
478.8049766584798,4
478.8049766584798,4
478.8049766584798,4
478.8049766584798,4
478.8049766584798,4
478.8049766584798,4
478.8049766584798,4
478.8049766584798,4
478.8049766584798,4
478.8049766584798,4
478.8049766584798,4
478.8049766584798,4
478.8049766584798,4
478.8049766584798,4
478.8049766584798,4
478.8049766584798,4
478.8049766584798,4
478.8049766584798,4
478.8049766584798,4
478.8049766584798,4
478.8049766584798,4
478.8049766584798,4
478.8049766584798,4
478.8049766584798,4
478.8049766584798,4
478.8049766584798,4
478.8049766584798,4
478.8049766584798,4
478.8049766584798,4
478.8049766584798,4
478.8049766584798,4
478.8049766584798,4
478.8049766584798,4
478.8049766584798,4
478.8049766584798,4
478.8049766584798,4
478.8049766584798,4
478.8049766584798,4
478.8049766584798,4
478.8049766584798,4
478.8049766584798,4
478.8049766584798,4
478.8049766584798,4
478.8049766584798,4
478.8049766584798,4
478.8049766584798,4
478.8049766584798,4
478.8049766584798,4
478.8049766584798,4
478.8049766584798,4
478.8049766584798,4
478.8049766584798,4
478.8049766584798,4
478.8049766584798,4
478.8049766584798,4
478.8049766584798,4
478.8049766584798,4
478.8049766584798,4
478.8049766584798,4
478.8049766584798,4
478.8049766584798,4
478.8049766584798,4
478.8049766584798,4
478.8049766584798,4
478.8049766584798,4
478.8049766584798,4
478.8049766584798,4
478.8049766584798,4
478.8049766584798,4
478.8049766584798,4
478.8049766584798,4
478.8049766584798,4
478.8049766584798,4
478.8049766584798,4
478.8049766584798,4
478.8049766584798,4
478.8049766584798,4
478.8049766584798,4
478.8049766584798,4
478.8049766584798,4
478.8049766584798,4
478.8049766584798,4
478.8049766584798,4
478.8049766584798,4
478.8049766584798,4
478.8049766584798,4
478.8049766584798,4
478.8049766584798,4
478.8049766584798,4
478.8049766584798,4
478.8049766584798,4
478.8049766584798,4
478.8049766584798,4
478.8049766584798,4
478.8049766584798,4
478.8049766584798,4
478.8049766584798,4
478.8049766584798,4
478.8049766584798,4
478.8049766584798,4
478.8049766584798,4
478.8049766584798,4
478.8049766584798,4
478.8049766584798,4
478.8049766584798,4
478.8049766584798,4
478.8049766584798,4
478.8049766584798,4
478.8049766584798,4
478.8049766584798,4
478.8049766584798,4
478.8049766584798,4
478.8049766584798,4
478.8049766584798,4
478.8049766584798,4
478.8049766584798,4
478.8049766584798,4
478.8049766584798,4
478.8049766584798,4
478.8049766584798,4
478.8049766584798,4
478.8049766584798,4
478.8049766584798,4
478.8049766584798,4
478.8049766584798,4
478.8049766584798,4
478.8049766584798,4
478.8049766584798,4
478.8049766584798,4
478.8049766584798,4
478.8049766584798,4
478.8049766584798,4
478.8049766584798,4
478.8049766584798,4
478.8049766584798,4
478.8049766584798,4
478.8049766584798,4
478.8049766584798,4
478.8049766584798,4
478.8049766584798,4
478.8049766584798,4
478.8049766584798,4
478.8049766584798,4
478.8049766584798,4
478.8049766584798,4
478.8049766584798,4
478.8049766584798,4
478.8049766584798,4
478.8049766584798,4
478.8049766584798,4
478.8049766584798,4
478.8049766584798,4
478.8049766584798,4
478.8049766584798,4
478.8049766584798,4
478.8049766584798,4
478.8049766584798,4
478.8049766584798,4
478.8049766584798,4
478.8049766584798,4
478.8049766584798,4
478.8049766584798,4
478.8049766584798,4
478.8049766584798,4
478.8049766584798,4
478.8049766584798,4
478.8049766584798,4
478.8049766584798,4
478.8049766584798,4
478.8049766584798,4
478.8049766584798,4
478.8049766584798,4
478.8049766584798,4
478.8049766584798,4
478.8049766584798,4
478.8049766584798,4
478.8049766584798,4
478.8049766584798,4
478.8049766584798,4
478.8049766584798,4
478.8049766584798,4
478.8049766584798,4
478.8049766584798,4
478.8049766584798,4
478.8049766584798,4
478.8049766584798,4
478.8049766584798,4
478.8049766584798,4
478.8049766584798,4
478.8049766584798,4
478.8049766584798,4
478.8049766584798,4
