pop_size: 100
num_of_iterations: 1000
ratio_keep_best: 0
ratio_replace_worst: 0
ratio_generate_new: 0
{'fitness': 509.4772636108722, 'affinity': 0.0019627961273729743, 'distance': 509.4772636108722, 'vehicles': 5, 'path': [0, 23, 21, 18, 24, 25, 0, 2, 5, 7, 6, 8, 3, 1, 4, 0, 19, 22, 20, 0, 11, 16, 9, 10, 0, 14, 12, 15, 13, 17, 0], 'pick_chance': 0.00581036329111888}
{'fitness': 522.6093852862168, 'affinity': 0.0019134750124174124, 'distance': 522.6093852862168, 'vehicles': 5, 'path': [0, 22, 20, 0, 23, 21, 19, 18, 25, 24, 0, 11, 12, 3, 4, 1, 0, 14, 16, 15, 9, 10, 13, 17, 0, 2, 5, 8, 7, 6, 0], 'pick_chance': 0.005338436156907226}
{'fitness': 485.0380526389213, 'affinity': 0.0020616939115587984, 'distance': 485.0380526389213, 'vehicles': 5, 'path': [0, 12, 11, 9, 10, 0, 23, 21, 19, 18, 25, 0, 22, 20, 24, 0, 2, 5, 7, 6, 8, 3, 1, 4, 0, 14, 15, 16, 13, 17, 0], 'pick_chance': 0.0053720621907413}
{'fitness': 543.0588645105121, 'affinity': 0.0018414210048874782, 'distance': 543.0588645105121, 'vehicles': 6, 'path': [0, 7, 6, 8, 4, 0, 23, 21, 18, 25, 24, 0, 14, 15, 16, 9, 10, 0, 19, 22, 20, 0, 2, 5, 3, 1, 0, 12, 11, 13, 17, 0], 'pick_chance': 0.005441724441587473}
{'fitness': 490.7786304129452, 'affinity': 0.0020375785293638227, 'distance': 490.7786304129452, 'vehicles': 4, 'path': [0, 2, 5, 7, 6, 8, 3, 4, 1, 0, 15, 22, 25, 24, 0, 23, 21, 19, 18, 20, 0, 14, 12, 11, 16, 9, 10, 13, 17, 0], 'pick_chance': 0.005340479716284573}
{'fitness': 539.8720371225812, 'affinity': 0.0018522907860348099, 'distance': 539.8720371225812, 'vehicles': 6, 'path': [0, 2, 5, 3, 1, 4, 0, 14, 11, 9, 13, 17, 0, 12, 15, 16, 10, 0, 22, 20, 0, 23, 21, 19, 18, 25, 24, 0, 7, 8, 6, 0], 'pick_chance': 0.0054131943948719985}
{'fitness': 520.4583115720993, 'affinity': 0.0019213834763814116, 'distance': 520.4583115720993, 'vehicles': 5, 'path': [0, 2, 5, 8, 7, 6, 0, 21, 23, 19, 18, 25, 24, 0, 12, 11, 9, 10, 13, 17, 0, 22, 20, 0, 14, 15, 16, 3, 1, 4, 0], 'pick_chance': 0.005398490477489532}
{'fitness': 485.34020352615676, 'affinity': 0.002060410394058992, 'distance': 485.34020352615676,'vehicles': 5, 'path': [0, 22, 18, 25, 24, 0, 23, 21, 19, 20, 0, 12, 11, 9, 10, 0, 14, 15, 16, 17, 13, 0, 2, 5, 7, 6, 8, 3, 1, 4, 0], 'pick_chance': 0.00536720026221322}
{'fitness': 538.1285949252886, 'affinity': 0.0018582918830745943, 'distance': 538.1285949252886, 'vehicles': 5, 'path': [0, 14, 11, 12, 6, 0, 15, 16, 9, 10, 17, 13, 0, 23, 21, 19, 18, 0, 2, 5, 8, 7, 3, 1, 4, 0, 22, 20, 25, 24, 0], 'pick_chance': 0.005510486179718175}
{'fitness': 478.8049766584798, 'affinity': 0.0020885330118723395, 'distance': 478.8049766584798, 'vehicles': 4, 'path': [0, 11, 15, 16, 9, 10, 17, 13, 0, 23, 21, 19, 18, 0, 2, 5, 7, 6, 8, 3, 1, 4, 0, 14, 12, 22, 20, 25, 24, 0], 'pick_chance': 0.005525266131918185}
{'fitness': 482.97103052109213, 'affinity': 0.0020705175606931738,'distance': 482.97103052109213,'vehicles': 5, 'path': [0, 12, 11, 9, 10, 0, 21, 23, 25, 24, 0, 2, 5, 7, 6, 8, 3, 1, 4, 0, 14, 16, 15, 17, 13, 0, 19, 18, 22, 20, 0], 'pick_chance': 0.005353249298223242}
{'fitness': 519.8941180782778, 'affinity': 0.0019234685779796325, 'distance': 519.8941180782778, 'vehicles': 5, 'path': [0, 14, 12, 3, 1, 4, 0, 22, 20, 0, 11, 15, 16, 9, 10, 13, 17, 0, 23, 19, 21, 18, 25, 24, 0, 2, 5, 8, 7, 6, 0], 'pick_chance': 0.005337458556612755}
{'fitness': 484.79288668746653, 'affinity': 0.002062736536488569, 'distance': 484.79288668746653,'vehicles': 5, 'path': [0, 22, 20, 0, 14, 11, 10, 0, 23, 21, 19, 18, 25, 24, 0, 12, 15, 16, 9, 13, 17, 0, 2, 5, 7, 6, 8, 3, 1, 4, 0], 'pick_chance': 0.005485071344487893}
{'fitness': 523.0956759981614, 'affinity': 0.0019116961693323477, 'distance': 523.0956759981614, 'vehicles': 5, 'path': [0, 23, 19, 21, 18, 25, 24, 0, 22, 20, 0, 14, 16, 15, 9, 10, 17, 13, 0, 2, 5, 8, 7, 6, 0, 11, 12, 3, 1, 4, 0], 'pick_chance': 0.00536528242506532}
{'fitness': 485.3402035261567, 'affinity': 0.0020604103940589924, 'distance': 485.3402035261567, 'vehicles': 5, 'path': [0, 12, 11, 9, 10, 0, 23, 21, 19, 20, 0, 2, 5, 7, 6, 8, 3, 1, 4, 0, 14, 15, 16, 17, 13, 0, 22, 18, 25, 24, 0], 'pick_chance': 0.00534500827303761}
{'fitness': 481.2585297430608, 'affinity': 0.002077885249190056,  'distance': 481.2585297430608, 'vehicles': 5, 'path': [0, 2, 5, 7, 6, 8, 3, 1, 4, 0, 14, 15, 16, 13, 17, 0, 22, 20, 0, 12, 11, 9, 10, 0, 23, 21, 19, 18, 25, 24, 0], 'pick_chance': 0.005378636753608576}
{'fitness': 524.1233153577315, 'affinity': 0.001907947940300017,  'distance': 524.1233153577315, 'vehicles': 5, 'path': [0, 2, 5, 7, 6, 0, 14, 15, 16, 9, 10, 13, 17, 0, 21, 23, 25, 24, 0, 11, 12, 8, 3, 1, 4, 0, 19, 18, 22, 20, 0], 'pick_chance': 0.005607389489332929}
{'fitness': 560.3831476744588, 'affinity': 0.0017844933491485476, 'distance': 560.3831476744588, 'vehicles': 6, 'path': [0, 2, 5, 8, 3, 1, 4, 0, 23, 21, 18, 0, 11, 15, 16, 9, 13, 17, 0, 14, 12, 10, 0, 19, 22, 20, 25, 24, 0, 6, 7, 0], 'pick_chance': 0.005326433843486224}
{'fitness': 538.214529041636, 'affinity': 0.0018579951785780212,  'distance': 538.214529041636,  'vehicles': 6, 'path': [0, 12, 11, 9, 10, 0, 23, 21, 19, 20, 0, 14, 15, 16, 17, 13, 0, 2, 5, 3, 1, 4, 0, 22, 18, 25, 24, 0, 7, 8, 6, 0], 'pick_chance': 0.005470750642395881}
{'fitness': 513.1685019102806, 'affinity': 0.0019486776687919832, 'distance': 513.1685019102806, 'vehicles': 5, 'path': [0, 14, 16, 15, 10, 0, 19, 21, 25, 24, 0, 12, 11, 9, 17, 13, 0, 23, 22, 18, 20, 0, 2, 5, 7, 6, 8, 3, 1, 4, 0], 'pick_chance': 0.005752396680970717}
