1246.1601802480773,24
1187.7389713741813,22
1187.7389713741813,22
1176.034172065168,20
1143.5399587462166,20
1143.5399587462166,20
1143.5399587462166,20
1127.4931524026713,19
1089.7094639907295,18
1089.7094639907295,18
1089.7094639907295,18
1089.7094639907295,18
1089.7094639907295,18
1089.7094639907295,18
1089.7094639907295,18
1089.7094639907295,18
1073.500500040537,17
1073.500500040537,17
1073.500500040537,17
1073.500500040537,17
1073.500500040537,17
1068.0327807531141,16
1048.6127078931165,16
1025.3275068425928,15
1025.3275068425928,15
1008.0262368025103,15
1008.0262368025103,15
1008.0262368025103,15
1043.5318474537432,14
1043.5318474537432,14
1043.5318474537432,14
1023.1904714340706,14
994.530384037991,14
992.1225409091793,14
986.0086191595097,13
986.0086191595097,13
986.0086191595097,13
986.0086191595097,13
973.3838381035872,13
973.3838381035872,13
973.3838381035872,13
973.3838381035872,13
973.3838381035872,13
952.6985957840521,13
941.2127563749311,12
941.2127563749311,12
941.2127563749311,12
941.2127563749311,12
941.2127563749311,12
941.2127563749311,12
941.2127563749311,12
941.2127563749311,12
941.2127563749311,12
941.2127563749311,12
941.2127563749311,12
941.2127563749311,12
941.2127563749311,12
941.2127563749311,12
941.2127563749311,12
918.9054133905256,11
918.9054133905256,11
918.9054133905256,11
918.9054133905256,11
918.9054133905256,11
918.9054133905256,11
918.9054133905256,11
918.9054133905256,11
878.7777357036263,11
878.7777357036263,11
878.7777357036263,11
878.5902558968331,11
865.5817746289631,11
865.5817746289631,11
865.5817746289631,11
865.5817746289631,11
866.0206498632778,10
866.0206498632778,10
866.0206498632778,10
866.0206498632778,10
866.0206498632778,10
864.7576923747444,10
864.7576923747444,10
864.7576923747444,10
864.7576923747444,10
864.7576923747444,10
864.7576923747444,10
864.7576923747444,10
861.6140299055838,10
859.4906312966145,10
859.4906312966145,10
847.8438577470939,10
847.8438577470939,10
810.1445493623745,10
810.1445493623745,10
810.1445493623745,10
810.1445493623745,10
810.1445493623745,10
810.1445493623745,10
810.1445493623745,10
810.1445493623745,10
810.1445493623745,10
810.1445493623745,10
810.1445493623745,10
810.1445493623745,10
810.1445493623745,10
810.1445493623745,10
810.1445493623745,10
810.1445493623745,10
810.1445493623745,10
810.1445493623745,10
810.1445493623745,10
810.1445493623745,10
810.1445493623745,10
810.1445493623745,10
810.1445493623745,10
810.1445493623745,10
810.1445493623745,10
810.1445493623745,10
810.1445493623745,10
805.772558478685,10
805.772558478685,10
805.772558478685,10
805.772558478685,10
771.3863800697061,10
771.3863800697061,10
771.3863800697061,10
771.3863800697061,10
771.3863800697061,10
762.1242832430203,10
762.1242832430203,10
762.1242832430203,10
762.1242832430203,10
762.1242832430203,10
762.1242832430203,10
762.1242832430203,10
762.1242832430203,10
762.1242832430203,10
762.1242832430203,10
762.1242832430203,10
755.2768667531992,10
755.2768667531992,10
755.2768667531992,10
755.2768667531992,10
786.5573843895833,9
786.5573843895833,9
786.5573843895833,9
786.5573843895833,9
786.5573843895833,9
786.5573843895833,9
786.5573843895833,9
786.5573843895833,9
786.5573843895833,9
768.0208377573833,9
768.0208377573833,9
768.0208377573833,9
768.0208377573833,9
768.0208377573833,9
768.0208377573833,9
768.0208377573833,9
768.0208377573833,9
768.0208377573833,9
768.0208377573833,9
743.8546041874976,9
743.8546041874976,9
743.8546041874976,9
743.8546041874976,9
743.8546041874976,9
742.7464237586846,9
742.7464237586846,9
742.7464237586846,9
742.7464237586846,9
742.7464237586846,9
742.7464237586846,9
730.1597712078554,9
730.1597712078554,9
730.1597712078554,9
730.1597712078554,9
730.1597712078554,9
730.1597712078554,9
730.1597712078554,9
730.1597712078554,9
730.1597712078554,9
729.0515907790425,9
712.7830269286361,9
712.7830269286361,9
712.7830269286361,9
712.7830269286361,9
712.7830269286361,9
712.7830269286361,9
712.7830269286361,9
712.7830269286361,9
712.7830269286361,9
712.7830269286361,9
712.7830269286361,9
712.7830269286361,9
712.7830269286361,9
712.7830269286361,9
712.7830269286361,9
712.7830269286361,9
712.7830269286361,9
707.1434749659246,9
707.1434749659246,9
707.1434749659246,9
707.1434749659246,9
707.1434749659246,9
707.1434749659246,9
707.1434749659246,9
707.1434749659246,9
707.1434749659246,9
707.1434749659246,9
707.1434749659246,9
707.1434749659246,9
707.1434749659246,9
707.1434749659246,9
707.1434749659246,9
707.1434749659246,9
707.1434749659246,9
707.1434749659246,9
694.547346053271,9
694.547346053271,9
694.547346053271,9
694.547346053271,9
694.547346053271,9
694.547346053271,9
694.547346053271,9
694.547346053271,9
694.547346053271,9
694.547346053271,9
694.547346053271,9
694.547346053271,9
664.7596080240178,9
664.7596080240178,9
664.7596080240178,9
664.7596080240178,9
664.7596080240178,9
664.7596080240178,9
664.7596080240178,9
664.7596080240178,9
664.7596080240178,9
664.7596080240178,9
664.7596080240178,9
664.7596080240178,9
664.7596080240178,9
664.7596080240178,9
664.7596080240178,9
663.0841705685549,8
663.0841705685549,8
663.0841705685549,8
663.0841705685549,8
663.0841705685549,8
663.0841705685549,8
663.0841705685549,8
663.0841705685549,8
663.0841705685549,8
663.0841705685549,8
663.0841705685549,8
663.0841705685549,8
663.0841705685549,8
663.0841705685549,8
663.0841705685549,8
663.0841705685549,8
663.0841705685549,8
663.0841705685549,8
663.0841705685549,8
663.0841705685549,8
663.0841705685549,8
663.0841705685549,8
663.0841705685549,8
663.0841705685549,8
663.0841705685549,8
663.0841705685549,8
663.0841705685549,8
663.0841705685549,8
663.0841705685549,8
663.0841705685549,8
663.0841705685549,8
663.0841705685549,8
663.0841705685549,8
663.0841705685549,8
663.0841705685549,8
663.0841705685549,8
663.0841705685549,8
663.0841705685549,8
663.0841705685549,8
663.0841705685549,8
663.0841705685549,8
663.0841705685549,8
663.0841705685549,8
663.0841705685549,8
663.0841705685549,8
663.0841705685549,8
663.0841705685549,8
663.0841705685549,8
663.0841705685549,8
663.0841705685549,8
663.0841705685549,8
663.0841705685549,8
663.0841705685549,8
663.0841705685549,8
663.0841705685549,8
663.0841705685549,8
663.0841705685549,8
663.0841705685549,8
663.0841705685549,8
663.0841705685549,8
663.0841705685549,8
663.0841705685549,8
663.0841705685549,8
663.0841705685549,8
663.0841705685549,8
663.0841705685549,8
663.0841705685549,8
663.0841705685549,8
663.0841705685549,8
663.0841705685549,8
663.0841705685549,8
663.0841705685549,8
663.0841705685549,8
663.0841705685549,8
663.0841705685549,8
663.0841705685549,8
663.0841705685549,8
663.0841705685549,8
663.0841705685549,8
663.0841705685549,8
663.0841705685549,8
663.0841705685549,8
663.0841705685549,8
663.0841705685549,8
663.0841705685549,8
663.0841705685549,8
663.0841705685549,8
663.0841705685549,8
663.0841705685549,8
663.0841705685549,8
663.0841705685549,8
663.0841705685549,8
663.0841705685549,8
663.0841705685549,8
663.0841705685549,8
663.0841705685549,8
663.0841705685549,8
663.0841705685549,8
663.0841705685549,8
663.0841705685549,8
663.0841705685549,8
663.0841705685549,8
663.0841705685549,8
663.0841705685549,8
663.0841705685549,8
663.0841705685549,8
663.0841705685549,8
663.0841705685549,8
663.0841705685549,8
663.0841705685549,8
663.0841705685549,8
663.0841705685549,8
663.0841705685549,8
663.0841705685549,8
663.0841705685549,8
663.0841705685549,8
663.0841705685549,8
663.0841705685549,8
663.0841705685549,8
663.0841705685549,8
663.0841705685549,8
663.0841705685549,8
663.0841705685549,8
663.0841705685549,8
663.0841705685549,8
663.0841705685549,8
663.0841705685549,8
663.0841705685549,8
663.0841705685549,8
663.0841705685549,8
663.0841705685549,8
663.0841705685549,8
663.0841705685549,8
663.0841705685549,8
663.0841705685549,8
663.0841705685549,8
663.0841705685549,8
663.0841705685549,8
662.2422142520895,8
662.2422142520895,8
662.2422142520895,8
662.2422142520895,8
662.2422142520895,8
662.2422142520895,8
662.2422142520895,8
662.2422142520895,8
662.2422142520895,8
662.2422142520895,8
662.2422142520895,8
662.2422142520895,8
662.2422142520895,8
662.2422142520895,8
662.2422142520895,8
662.2422142520895,8
662.2422142520895,8
662.2422142520895,8
662.2422142520895,8
662.2422142520895,8
662.2422142520895,8
662.2422142520895,8
662.2422142520895,8
662.2422142520895,8
662.2422142520895,8
662.2422142520895,8
662.2422142520895,8
662.2422142520895,8
662.2422142520895,8
662.2422142520895,8
662.2422142520895,8
662.2422142520895,8
662.2422142520895,8
662.2422142520895,8
662.2422142520895,8
651.8073585127643,8
651.8073585127643,8
651.8073585127643,8
651.8073585127643,8
651.8073585127643,8
651.8073585127643,8
651.8073585127643,8
651.8073585127643,8
651.8073585127643,8
651.8073585127643,8
651.8073585127643,8
651.8073585127643,8
651.8073585127643,8
651.8073585127643,8
651.8073585127643,8
651.8073585127643,8
651.8073585127643,8
651.8073585127643,8
651.8073585127643,8
651.8073585127643,8
651.8073585127643,8
651.8073585127643,8
651.8073585127643,8
651.8073585127643,8
651.8073585127643,8
651.8073585127643,8
651.8073585127643,8
651.8073585127643,8
651.8073585127643,8
651.8073585127643,8
651.8073585127643,8
651.8073585127643,8
651.8073585127643,8
651.8073585127643,8
651.8073585127643,8
651.8073585127643,8
651.8073585127643,8
651.8073585127643,8
651.8073585127643,8
651.8073585127643,8
651.8073585127643,8
651.8073585127643,8
651.8073585127643,8
651.8073585127643,8
651.8073585127643,8
651.8073585127643,8
651.8073585127643,8
651.8073585127643,8
651.8073585127643,8
651.8073585127643,8
651.8073585127643,8
651.8073585127643,8
651.8073585127643,8
651.8073585127643,8
651.8073585127643,8
651.8073585127643,8
651.8073585127643,8
651.8073585127643,8
651.8073585127643,8
651.8073585127643,8
651.8073585127643,8
651.8073585127643,8
651.8073585127643,8
651.8073585127643,8
651.8073585127643,8
651.8073585127643,8
651.8073585127643,8
651.8073585127643,8
651.8073585127643,8
651.8073585127643,8
651.8073585127643,8
651.8073585127643,8
651.8073585127643,8
651.8073585127643,8
651.8073585127643,8
651.8073585127643,8
651.8073585127643,8
651.8073585127643,8
651.8073585127643,8
651.8073585127643,8
651.8073585127643,8
651.8073585127643,8
