pop_size: 200
num_of_iterations: 500
ratio_keep_best: 0.02
ratio_replace_worst: 0.1
ratio_generate_new: 0.2
{'fitness': 1448.970986712476, 'affinity': 0.0006901449436671386, 'distance': 648.9709867124759, 'vehicles': 8, 'path': [0, 12, 3, 24, 0, 9, 20, 0, 5, 16, 6, 0, 11, 19, 10, 1, 0, 23, 13, 0, 14, 15, 22, 4, 25, 0, 2, 21, 0, 7, 8, 17, 0, 18, 0], 'pick_chance': 0.003292440205487981}
{'fitness': 1348.1993687834465, 'affinity': 0.0007417300609644657, 'distance': 648.1993687834466, 'vehicles': 7, 'path': [0, 23, 22, 4, 25, 0, 14, 15, 0, 12, 9, 20, 1, 0, 11, 19, 0, 5, 16, 6, 13, 0, 2, 21, 3, 24, 0, 7, 8, 17, 0, 18, 10, 0], 'pick_chance': 0.0034444172210232908}
{'fitness': 1361.63040786923, 'affinity': 0.0007344136809964949, 'distance': 661.6304078692301, 'vehicles': 7, 'path': [0, 23, 4, 25, 0, 18, 6, 0, 12, 9, 3, 24, 0, 11, 19, 10, 0, 14, 15, 20, 1, 0, 5, 16, 13, 0, 2, 21, 22, 0, 7, 8, 17, 0], 'pick_chance': 0.003372412577523644}
{'fitness': 1451.8073585127643, 'affinity': 0.0006887966190117696, 'distance': 651.8073585127643, 'vehicles': 8, 'path': [0, 23, 22, 0, 12, 3, 24, 25, 0, 18, 0, 7, 8, 17, 0, 9, 20, 1, 0, 11, 19, 10, 13, 0, 5, 16, 6, 0, 2, 21, 4, 0, 14, 15, 0], 'pick_chance': 0.0034091716027089733}
{'fitness': 1360.6204104326318, 'affinity': 0.0007349588410789997, 'distance': 660.6204104326318, 'vehicles': 7, 'path': [0, 12, 9, 3, 24, 0, 14, 16, 17, 0, 7, 8, 0, 15, 6, 13, 0, 5, 18, 10, 0, 23, 4, 25, 0, 2, 21, 22, 0, 11, 19, 20, 1, 0], 'pick_chance': 0.003371687804388009}
{'fitness': 1491.031884263676, 'affinity': 0.0006706764694665368, 'distance': 691.0318842636759, 'vehicles': 8, 'path': [0, 19, 10, 0, 12, 9, 3, 24, 0, 14, 16, 17, 0, 11, 20, 1, 0, 2, 21, 22, 13, 0, 15, 6, 0, 5, 7, 8, 0, 23, 4, 25, 0, 18, 0], 'pick_chance': 0.00338535834999373}
{'fitness': 1623.0409485567534, 'affinity': 0.000616127400167706, 'distance': 723.0409485567535, 'vehicles': 9, 'path': [0, 7, 8, 17, 0, 2, 13, 0, 19, 10, 0, 18, 6, 0, 14, 15, 0, 21, 3, 24, 0, 5, 16, 0, 23, 22, 4, 25, 0, 11, 20, 1, 0, 12, 9, 0], 'pick_chance': 0.003394037539311685}
{'fitness': 1427.9746677110807, 'affinity': 0.0007002925350229869, 'distance': 627.9746677110808, 'vehicles': 8, 'path': [0, 7, 8, 0, 2, 21, 0, 9, 20, 1, 0, 14, 15, 13, 0, 11, 19, 10, 0, 18, 6, 0, 5, 16, 17, 0, 23, 22, 4, 25, 0, 12, 3, 24, 0], 'pick_chance': 0.003336582928841243}
{'fitness': 1335.2146121260644, 'affinity': 0.000748943271679523, 'distance': 635.2146121260644, 'vehicles': 7, 'path': [0, 11, 19, 20, 1, 0, 23, 22, 4, 25, 0, 12, 9, 3, 24, 0, 7, 8, 17, 0, 14, 15, 13, 0, 5, 16, 6, 0, 18, 10, 0, 2, 21, 0], 'pick_chance': 0.003442509089030657}
{'fitness': 1337.0381339421342, 'affinity': 0.0007479218240781149, 'distance': 637.0381339421342, 'vehicles': 7, 'path': [0, 11, 19, 10, 1, 0, 18, 0, 14, 15, 22, 4, 0, 23, 3, 24, 25, 0, 2, 21, 13, 0, 12, 9, 20, 0, 7, 8, 17, 0, 5, 16, 6, 0], 'pick_chance': 0.0032609289190982144}
{'fitness': 1475.8680288479197, 'affinity': 0.0006775673572796424, 'distance': 675.8680288479197, 'vehicles': 8, 'path': [0, 8, 0, 12, 9, 20, 0, 23, 22, 4, 25, 0, 14, 15, 0, 11, 19, 0, 5, 16, 17, 0, 2, 21, 3, 24, 0, 18, 6, 13, 0, 7, 10, 1, 0], 'pick_chance': 0.0035450271259271538}
{'fitness': 1602.3642833641152, 'affinity': 0.0006240778145032854, 'distance': 702.3642833641153, 'vehicles': 9, 'path': [0, 23, 25, 0, 5, 8, 10, 0, 11, 19, 0, 2, 21, 22, 4, 0, 18, 0, 9, 20, 1, 0, 14, 16, 17, 0, 7, 0, 12, 3, 24, 0, 15, 6, 13, 0], 'pick_chance': 0.0035052011055297858}
{'fitness': 1485.415036925523, 'affinity': 0.000673212519828651, 'distance': 685.415036925523, 'vehicles': 8, 'path': [0, 14, 15, 13, 0, 2, 18, 6, 1, 0, 12, 9, 20, 0, 5, 16, 17, 0, 11, 19, 10, 0, 3, 24, 0, 7, 8, 0, 21, 4, 25, 0, 23, 22, 0], 'pick_chance': 0.003808334458559231}
{'fitness': 1439.1831473341072, 'affinity': 0.0006948385977506513, 'distance': 639.1831473341072, 'vehicles': 8, 'path': [0, 9, 20, 0, 12, 3, 24, 25, 0, 7, 8, 0, 2, 21, 0, 5, 16, 17, 0, 11, 19, 10, 1, 0, 18, 0, 14, 15, 6, 13, 0, 23, 22, 4, 0], 'pick_chance': 0.0034143603547848573}
{'fitness': 1504.625485572852, 'affinity': 0.0006646172151067032, 'distance': 704.6254855728522, 'vehicles': 8, 'path': [0, 2, 21, 0, 11, 20, 1, 0, 5, 16, 4, 0, 12, 9, 3, 24, 25, 0, 23, 22, 0, 19, 10, 0, 18, 6, 13, 0, 7, 8, 17, 0, 14, 15, 0], 'pick_chance': 0.003557696216776276}
{'fitness': 1583.1405006167479, 'affinity': 0.0006316558761590823, 'distance': 683.1405006167479, 'vehicles': 9, 'path': [0, 9, 20, 0, 14, 15, 22, 0, 11, 19, 0, 5, 16, 6, 13, 0, 18, 0, 7, 8, 17, 0, 23, 4, 25, 0, 12, 3, 24, 0, 10, 1, 0, 2, 21, 0], 'pick_chance': 0.0036568249512796804}
{'fitness': 1485.2385688394377, 'affinity': 0.0006732925073319352, 'distance': 685.2385688394377, 'vehicles': 8, 'path': [0, 11, 19, 20, 1, 0, 23, 4, 0, 7, 10, 0, 12, 9, 3, 0, 14, 15, 22, 13, 0, 5, 8, 0, 2, 21, 24, 25, 0, 18, 6, 0, 16, 17, 0], 'pick_chance': 0.00338859820260545}
{'fitness': 1586.1539465688809, 'affinity': 0.0006304558281768104, 'distance': 686.1539465688809, 'vehicles': 9, 'path': [0, 18, 0, 2, 21, 0, 7, 8, 0, 23, 22, 4, 25, 0, 5, 16, 17, 0, 12, 9, 3, 24, 0, 6, 13, 0, 19, 10, 0, 14, 15, 0, 11, 20, 1, 0], 'pick_chance': 0.0035092274609854228}
{'fitness': 1472.2354622671942, 'affinity': 0.0006792391744592491, 'distance': 672.2354622671943, 'vehicles': 8, 'path': [0, 23, 22, 4, 0, 19, 10, 0, 18, 6, 0, 5, 16, 17, 0, 14, 15, 0, 11, 20, 1, 0, 2, 21, 13, 0, 7, 8, 0, 12, 9, 3, 24, 25, 0], 'pick_chance': 0.0032899601357501314}
{'fitness': 1405.200398555297, 'affinity': 0.0007116422689803616, 'distance': 705.200398555297, 'vehicles': 7, 'path': [0, 11, 19, 0, 18, 6, 0, 2, 21, 20, 0, 12, 9, 3, 24, 0, 23, 4, 25, 0, 14, 16, 10, 1, 0, 15, 22, 13, 0, 5, 7, 8, 17, 0], 'pick_chance': 0.0033204607398217927}
