1886.6570290320385,25
1798.6126065138185,24
1720.943980464017,23
1683.6311854011014,22
1683.6311854011014,22
1682.2425022422863,19
1652.0240976589785,19
1652.0240976589785,19
1604.0174659243182,18
1604.0174659243182,18
1599.5758096226912,20
1548.27185360902,18
1537.740416780924,18
1522.3938579426617,19
1522.3938579426617,19
1522.3938579426617,19
1510.9346787553013,17
1510.9346787553013,17
1489.7190181356377,18
1468.5168423332157,15
1454.992896815231,16
1398.5548399816391,14
1398.5548399816391,14
1398.5548399816391,14
1398.5548399816391,14
1395.5521490957628,13
1327.0157791356542,13
1294.0691700614218,12
1294.0691700614218,12
1289.7559328051257,11
1277.847927024331,11
1225.884147590852,10
1210.7846165522371,10
1147.1928805210625,9
1147.1928805210625,9
1147.1928805210625,9
1147.1928805210625,9
1147.1928805210625,9
1147.1928805210625,9
1147.1928805210625,9
1147.1928805210625,9
1120.7965995062548,9
1120.7965995062548,9
1079.6676183455872,9
1042.1053324364652,8
1042.1053324364652,8
1042.1053324364652,8
1042.1053324364652,8
986.6089289453995,7
986.6089289453995,7
986.6089289453995,7
986.6089289453995,7
986.6089289453995,7
986.6089289453995,7
986.6089289453995,7
986.6089289453995,7
974.7859103907098,8
974.7859103907098,8
964.3507767945737,8
964.3507767945737,8
964.3507767945737,8
964.3507767945737,8
964.3507767945737,8
964.3507767945737,8
964.3507767945737,8
964.3507767945737,8
964.3507767945737,8
964.3507767945737,8
964.3507767945737,8
964.3507767945737,8
964.3507767945737,8
964.3507767945737,8
964.3507767945737,8
964.3507767945737,8
964.3507767945737,8
964.3507767945737,8
959.7843106058317,6
959.7843106058317,6
956.4676714695709,7
956.4676714695709,7
956.4676714695709,7
956.4676714695709,7
947.548823170339,7
947.548823170339,7
947.548823170339,7
934.1606340752531,8
925.510109890759,8
924.5670346141528,7
868.275245814713,7
868.275245814713,7
868.275245814713,7
867.0212909236678,7
867.0212909236678,7
867.0212909236678,7
867.0212909236678,7
867.0212909236678,7
867.0212909236678,7
853.6929818187763,7
853.6929818187763,7
853.6929818187763,7
853.6929818187763,7
853.6929818187763,7
853.6929818187763,7
853.6929818187763,7
853.6929818187763,7
853.6929818187763,7
853.6929818187763,7
853.6929818187763,7
853.6929818187763,7
853.6929818187763,7
853.6929818187763,7
821.1526629088671,6
821.1526629088671,6
821.1526629088671,6
821.1526629088671,6
821.1526629088671,6
821.1526629088671,6
786.7036657460011,6
786.7036657460011,6
786.7036657460011,6
786.7036657460011,6
786.7036657460011,6
786.7036657460011,6
786.7036657460011,6
786.7036657460011,6
786.7036657460011,6
786.7036657460011,6
786.7036657460011,6
786.7036657460011,6
786.7036657460011,6
779.9333361317321,6
779.9333361317321,6
779.9333361317321,6
775.4246620804015,6
736.7275054736311,6
736.7275054736311,6
729.9571758593621,6
729.9571758593621,6
729.9571758593621,6
729.9571758593621,6
729.9571758593621,6
729.9571758593621,6
729.9571758593621,6
729.9571758593621,6
729.9571758593621,6
729.9571758593621,6
729.9571758593621,6
729.9571758593621,6
729.9571758593621,6
729.9571758593621,6
729.9571758593621,6
729.9571758593621,6
729.9571758593621,6
729.9571758593621,6
710.1358151759877,6
672.8505754026193,6
666.0802457883502,6
666.0802457883502,6
666.0802457883502,6
666.0802457883502,6
666.0802457883502,6
666.0802457883502,6
666.0802457883502,6
666.0802457883502,6
666.0802457883502,6
666.0802457883502,6
666.0802457883502,6
666.0802457883502,6
666.0802457883502,6
666.0802457883502,6
666.0802457883502,6
665.2491534303373,6
665.2491534303373,6
665.2491534303373,6
665.2491534303373,6
665.2491534303373,6
665.2491534303373,6
665.2491534303373,6
665.2491534303373,6
665.2491534303373,6
665.2491534303373,6
665.2491534303373,6
665.2491534303373,6
665.2491534303373,6
665.2491534303373,6
665.2491534303373,6
665.2491534303373,6
665.2491534303373,6
665.2491534303373,6
665.2491534303373,6
665.2491534303373,6
665.2491534303373,6
665.2491534303373,6
665.2491534303373,6
665.2491534303373,6
648.7522041217906,5
648.7522041217906,5
648.7522041217906,5
648.7522041217906,5
648.7522041217906,5
648.7522041217906,5
648.7522041217906,5
648.7522041217906,5
648.7522041217906,5
648.7522041217906,5
648.7522041217906,5
648.7522041217906,5
648.7522041217906,5
648.7522041217906,5
648.7522041217906,5
648.7522041217906,5
648.7522041217906,5
648.7522041217906,5
648.7522041217906,5
648.7522041217906,5
648.7522041217906,5
648.7522041217906,5
636.6087905580398,5
636.3510849542097,5
631.9425673723956,5
631.9425673723956,5
629.8862262735902,5
629.8862262735902,5
629.8862262735902,5
626.3502902259252,5
626.3502902259252,5
626.3502902259252,5
626.3502902259252,5
626.3502902259252,5
626.3502902259252,5
626.3502902259252,5
626.3502902259252,5
626.3502902259252,5
626.3502902259252,5
626.3502902259252,5
626.3502902259252,5
626.3502902259252,5
626.3502902259252,5
626.3502902259252,5
626.3502902259252,5
626.3502902259252,5
618.7416130863566,5
618.7416130863566,5
618.7416130863566,5
618.0521025902667,5
598.6938397251478,5
598.6938397251478,5
598.6938397251478,5
598.6938397251478,5
598.6938397251478,5
598.6938397251478,5
598.6938397251478,5
598.6938397251478,5
598.6938397251478,5
598.6938397251478,5
598.6938397251478,5
598.6938397251478,5
598.6938397251478,5
598.6938397251478,5
598.6938397251478,5
598.6938397251478,5
598.6938397251478,5
598.6938397251478,5
598.6938397251478,5
598.6938397251478,5
598.6938397251478,5
598.6938397251478,5
598.6938397251478,5
598.6938397251478,5
598.6938397251478,5
598.6938397251478,5
598.6938397251478,5
598.6938397251478,5
598.6938397251478,5
598.6938397251478,5
589.2306050456046,4
589.2306050456046,4
584.8220874637904,4
584.8220874637904,4
582.7517274703247,4
582.7517274703247,4
582.7517274703247,4
582.7517274703247,4
582.7517274703247,4
582.7517274703247,4
582.7517274703247,4
567.3166423237964,4
567.3166423237964,4
567.3166423237964,4
567.3166423237964,4
567.3166423237964,4
567.3166423237964,4
567.3166423237964,4
567.3166423237964,4
567.3166423237964,4
567.3166423237964,4
567.3166423237964,4
567.3166423237964,4
567.3166423237964,4
567.3166423237964,4
567.3166423237964,4
567.3166423237964,4
567.3166423237964,4
560.841203214541,4
560.841203214541,4
560.841203214541,4
560.841203214541,4
560.841203214541,4
560.841203214541,4
560.841203214541,4
560.841203214541,4
560.841203214541,4
560.841203214541,4
560.841203214541,4
560.841203214541,4
560.841203214541,4
560.841203214541,4
560.841203214541,4
560.841203214541,4
560.841203214541,4
560.841203214541,4
560.841203214541,4
560.841203214541,4
560.841203214541,4
560.841203214541,4
560.841203214541,4
560.841203214541,4
560.841203214541,4
560.841203214541,4
557.071275878285,4
557.071275878285,4
557.071275878285,4
557.071275878285,4
557.071275878285,4
557.071275878285,4
557.071275878285,4
557.071275878285,4
557.071275878285,4
557.071275878285,4
557.071275878285,4
557.071275878285,4
557.071275878285,4
557.071275878285,4
557.071275878285,4
557.071275878285,4
557.071275878285,4
557.071275878285,4
557.071275878285,4
557.071275878285,4
557.071275878285,4
557.071275878285,4
557.071275878285,4
557.071275878285,4
544.802414783786,4
544.802414783786,4
544.802414783786,4
544.802414783786,4
544.802414783786,4
544.802414783786,4
544.802414783786,4
544.802414783786,4
544.802414783786,4
544.802414783786,4
544.802414783786,4
544.802414783786,4
544.802414783786,4
544.802414783786,4
544.802414783786,4
544.802414783786,4
544.802414783786,4
544.802414783786,4
544.802414783786,4
544.802414783786,4
544.802414783786,4
544.2732109381959,4
544.2732109381959,4
544.2732109381959,4
544.2732109381959,4
533.4500212654199,4
531.5316950485156,4
531.5316950485156,4
531.5316950485156,4
531.5316950485156,4
531.5316950485156,4
531.5316950485156,4
531.5316950485156,4
527.942992046532,4
527.942992046532,4
527.942992046532,4
527.942992046532,4
527.942992046532,4
527.942992046532,4
527.942992046532,4
527.942992046532,4
527.942992046532,4
527.942992046532,4
527.942992046532,4
527.942992046532,4
527.942992046532,4
527.942992046532,4
527.942992046532,4
527.942992046532,4
527.942992046532,4
527.942992046532,4
527.942992046532,4
527.942992046532,4
527.942992046532,4
527.942992046532,4
527.942992046532,4
527.942992046532,4
527.942992046532,4
527.942992046532,4
527.942992046532,4
527.942992046532,4
527.942992046532,4
527.942992046532,4
527.942992046532,4
527.942992046532,4
527.942992046532,4
526.1366270305849,4
526.1366270305849,4
526.1366270305849,4
526.1366270305849,4
526.1366270305849,4
526.1366270305849,4
526.1366270305849,4
525.6869552829145,4
525.6869552829145,4
525.6869552829145,4
525.6869552829145,4
525.6869552829145,4
525.6869552829145,4
525.6869552829145,4
525.6869552829145,4
525.6869552829145,4
525.6869552829145,4
525.6869552829145,4
525.6869552829145,4
525.6869552829145,4
525.6869552829145,4
525.6869552829145,4
525.6869552829145,4
525.6869552829145,4
525.6869552829145,4
525.6869552829145,4
525.6869552829145,4
525.6869552829145,4
525.6869552829145,4
525.6869552829145,4
525.6869552829145,4
525.6869552829145,4
525.6869552829145,4
525.6869552829145,4
525.6869552829145,4
525.6869552829145,4
525.6869552829145,4
525.6869552829145,4
525.6869552829145,4
525.6869552829145,4
525.6869552829145,4
525.6869552829145,4
525.6869552829145,4
522.4642747741632,4
522.4642747741632,4
522.4642747741632,4
522.4642747741632,4
522.4642747741632,4
522.4642747741632,4
522.4642747741632,4
521.7727637580704,4
521.7727637580704,4
521.7727637580704,4
521.7727637580704,4
521.7727637580704,4
521.7727637580704,4
521.7727637580704,4
521.7727637580704,4
521.7727637580704,4
521.7727637580704,4
521.7727637580704,4
521.7727637580704,4
521.7727637580704,4
521.7727637580704,4
521.7727637580704,4
521.7727637580704,4
521.7727637580704,4
521.7727637580704,4
521.7727637580704,4
521.7727637580704,4
521.7727637580704,4
521.7727637580704,4
521.7727637580704,4
521.7727637580704,4
521.7727637580704,4
521.7727637580704,4
521.7727637580704,4
521.7727637580704,4
521.7727637580704,4
521.7727637580704,4
521.7727637580704,4
521.7727637580704,4
521.7727637580704,4
521.7727637580704,4
521.7727637580704,4
521.7727637580704,4
521.7727637580704,4
521.7727637580704,4
521.7727637580704,4
521.7727637580704,4
521.7727637580704,4
521.7727637580704,4
521.7727637580704,4
521.7727637580704,4
521.7727637580704,4
521.7727637580704,4
521.7727637580704,4
521.7727637580704,4
521.7727637580704,4
521.7727637580704,4
521.7727637580704,4
521.7727637580704,4
521.7727637580704,4
521.7727637580704,4
521.7727637580704,4
521.7727637580704,4
521.7727637580704,4
521.7727637580704,4
521.7727637580704,4
521.7727637580704,4
521.7727637580704,4
521.7727637580704,4
521.7727637580704,4
521.7727637580704,4
521.7727637580704,4
521.7727637580704,4
521.7727637580704,4
521.7727637580704,4
521.7727637580704,4
521.7727637580704,4
521.7727637580704,4
521.7727637580704,4
521.7727637580704,4
521.7727637580704,4
521.7727637580704,4
521.7727637580704,4
521.7727637580704,4
521.7727637580704,4
521.7727637580704,4
521.7727637580704,4
521.7727637580704,4
521.7727637580704,4
521.7727637580704,4
521.7727637580704,4
521.7727637580704,4
521.7727637580704,4
521.7727637580704,4
521.7727637580704,4
521.7727637580704,4
521.7727637580704,4
521.7727637580704,4
521.7727637580704,4
521.7727637580704,4
521.7727637580704,4
521.7727637580704,4
521.7727637580704,4
521.7727637580704,4
521.7727637580704,4
521.7727637580704,4
521.7727637580704,4
521.7727637580704,4
521.7727637580704,4
521.7727637580704,4
521.7727637580704,4
521.7727637580704,4
521.7727637580704,4
521.7727637580704,4
521.7727637580704,4
521.7727637580704,4
521.7727637580704,4
521.7727637580704,4
521.7727637580704,4
512.0662661170406,4
512.0662661170406,4
512.0662661170406,4
512.0662661170406,4
512.0662661170406,4
512.0662661170406,4
500.51686162936363,4
500.51686162936363,4
499.2999541379074,4
499.2999541379074,4
499.2999541379074,4
499.2999541379074,4
499.2999541379074,4
499.2999541379074,4
499.2999541379074,4
497.8526177821918,4
497.8526177821918,4
497.8526177821918,4
497.8526177821918,4
497.8526177821918,4
497.8526177821918,4
497.8526177821918,4
497.8526177821918,4
496.3520374625816,4
496.3520374625816,4
496.3520374625816,4
496.3520374625816,4
496.3520374625816,4
494.55598676718466,4
494.55598676718466,4
494.55598676718466,4
494.55598676718466,4
494.55598676718466,4
494.55598676718466,4
494.55598676718466,4
494.55598676718466,4
494.55598676718466,4
494.55598676718466,4
494.55598676718466,4
494.55598676718466,4
494.55598676718466,4
494.55598676718466,4
494.55598676718466,4
494.55598676718466,4
494.55598676718466,4
494.55598676718466,4
494.55598676718466,4
494.55598676718466,4
494.55598676718466,4
494.55598676718466,4
494.55598676718466,4
494.55598676718466,4
494.55598676718466,4
494.55598676718466,4
494.55598676718466,4
494.55598676718466,4
494.55598676718466,4
494.55598676718466,4
494.55598676718466,4
494.55598676718466,4
494.55598676718466,4
485.0834083334935,4
485.0834083334935,4
485.0834083334935,4
485.0834083334935,4
485.0834083334935,4
485.0834083334935,4
485.0834083334935,4
485.0834083334935,4
485.0834083334935,4
485.0834083334935,4
485.0834083334935,4
485.0834083334935,4
485.0834083334935,4
485.0834083334935,4
485.0834083334935,4
485.0834083334935,4
485.0834083334935,4
484.65905236972844,4
480.25053478791426,4
480.25053478791426,4
480.25053478791426,4
480.25053478791426,4
480.25053478791426,4
480.25053478791426,4
480.25053478791426,4
480.25053478791426,4
480.25053478791426,4
480.25053478791426,4
480.25053478791426,4
480.25053478791426,4
480.25053478791426,4
480.25053478791426,4
480.25053478791426,4
480.25053478791426,4
480.25053478791426,4
478.4257086792379,4
478.4257086792379,4
478.4257086792379,4
478.4257086792379,4
478.4257086792379,4
478.4257086792379,4
478.4257086792379,4
478.4257086792379,4
478.4257086792379,4
478.4257086792379,4
478.4257086792379,4
478.4257086792379,4
478.4257086792379,4
478.4257086792379,4
478.4257086792379,4
478.4257086792379,4
478.4257086792379,4
478.4257086792379,4
478.4257086792379,4
478.4257086792379,4
478.4257086792379,4
478.4257086792379,4
478.4257086792379,4
478.4257086792379,4
478.4257086792379,4
478.4257086792379,4
478.4257086792379,4
478.4257086792379,4
478.4257086792379,4
478.4257086792379,4
478.4257086792379,4
478.4257086792379,4
478.4257086792379,4
478.4257086792379,4
478.4257086792379,4
478.4257086792379,4
478.4257086792379,4
478.4257086792379,4
478.4257086792379,4
478.4257086792379,4
478.4257086792379,4
478.4257086792379,4
478.4257086792379,4
478.4257086792379,4
478.4257086792379,4
478.4257086792379,4
478.4257086792379,4
478.4257086792379,4
478.4257086792379,4
478.4257086792379,4
478.4257086792379,4
478.4257086792379,4
478.4257086792379,4
478.4257086792379,4
478.4257086792379,4
478.4257086792379,4
478.4257086792379,4
478.4257086792379,4
478.4257086792379,4
478.4257086792379,4
478.4257086792379,4
478.4257086792379,4
478.4257086792379,4
478.4257086792379,4
478.4257086792379,4
478.4257086792379,4
478.4257086792379,4
478.4257086792379,4
478.4257086792379,4
478.4257086792379,4
478.4257086792379,4
478.4257086792379,4
478.4257086792379,4
478.4257086792379,4
478.4257086792379,4
478.4257086792379,4
478.4257086792379,4
478.4257086792379,4
478.4257086792379,4
478.4257086792379,4
478.4257086792379,4
478.4257086792379,4
478.4257086792379,4
478.4257086792379,4
478.4257086792379,4
478.4257086792379,4
478.4257086792379,4
478.4257086792379,4
478.4257086792379,4
478.4257086792379,4
478.4257086792379,4
478.4257086792379,4
478.4257086792379,4
478.4257086792379,4
478.4257086792379,4
478.4257086792379,4
478.4257086792379,4
478.4257086792379,4
478.4257086792379,4
478.4257086792379,4
478.4257086792379,4
478.4257086792379,4
478.4257086792379,4
478.4257086792379,4
478.4257086792379,4
478.4257086792379,4
478.4257086792379,4
478.4257086792379,4
478.4257086792379,4
478.4257086792379,4
478.4257086792379,4
478.4257086792379,4
478.4257086792379,4
478.4257086792379,4
478.4257086792379,4
478.4257086792379,4
478.4257086792379,4
478.4257086792379,4
478.4257086792379,4
478.4257086792379,4
478.4257086792379,4
478.4257086792379,4
478.4257086792379,4
478.4257086792379,4
478.4257086792379,4
478.4257086792379,4
478.4257086792379,4
478.4257086792379,4
478.4257086792379,4
478.4257086792379,4
478.4257086792379,4
478.4257086792379,4
478.4257086792379,4
478.4257086792379,4
478.4257086792379,4
478.4257086792379,4
478.4257086792379,4
478.4257086792379,4
478.4257086792379,4
478.4257086792379,4
478.4257086792379,4
478.4257086792379,4
478.4257086792379,4
478.4257086792379,4
478.4257086792379,4
478.4257086792379,4
478.4257086792379,4
478.4257086792379,4
478.4257086792379,4
478.4257086792379,4
478.4257086792379,4
477.20416395097334,4
477.20416395097334,4
477.20416395097334,4
477.20416395097334,4
477.20416395097334,4
477.20416395097334,4
477.20416395097334,4
477.20416395097334,4
477.20416395097334,4
477.20416395097334,4
477.20416395097334,4
477.20416395097334,4
477.20416395097334,4
477.20416395097334,4
477.20416395097334,4
477.20416395097334,4
477.20416395097334,4
477.20416395097334,4
477.20416395097334,4
477.20416395097334,4
477.20416395097334,4
477.20416395097334,4
477.20416395097334,4
477.20416395097334,4
477.20416395097334,4
477.20416395097334,4
477.20416395097334,4
477.20416395097334,4
477.20416395097334,4
477.20416395097334,4
477.20416395097334,4
477.20416395097334,4
477.20416395097334,4
477.20416395097334,4
477.20416395097334,4
477.20416395097334,4
477.20416395097334,4
477.20416395097334,4
477.20416395097334,4
477.20416395097334,4
477.20416395097334,4
477.20416395097334,4
477.20416395097334,4
477.20416395097334,4
477.20416395097334,4
477.20416395097334,4
477.20416395097334,4
477.20416395097334,4
477.20416395097334,4
477.20416395097334,4
477.20416395097334,4
477.20416395097334,4
477.20416395097334,4
477.20416395097334,4
477.20416395097334,4
477.20416395097334,4
477.20416395097334,4
477.20416395097334,4
477.20416395097334,4
477.20416395097334,4
477.20416395097334,4
477.20416395097334,4
477.20416395097334,4
477.20416395097334,4
477.20416395097334,4
477.20416395097334,4
477.20416395097334,4
477.20416395097334,4
477.20416395097334,4
477.20416395097334,4
477.20416395097334,4
477.20416395097334,4
477.20416395097334,4
477.20416395097334,4
477.20416395097334,4
477.20416395097334,4
477.20416395097334,4
477.20416395097334,4
477.20416395097334,4
477.20416395097334,4
477.20416395097334,4
477.20416395097334,4
477.20416395097334,4
477.20416395097334,4
477.20416395097334,4
477.20416395097334,4
477.20416395097334,4
477.20416395097334,4
477.20416395097334,4
477.20416395097334,4
477.20416395097334,4
477.20416395097334,4
477.20416395097334,4
477.20416395097334,4
477.20416395097334,4
477.20416395097334,4
477.20416395097334,4
477.20416395097334,4
477.20416395097334,4
477.20416395097334,4
477.20416395097334,4
477.20416395097334,4
477.20416395097334,4
477.20416395097334,4
477.20416395097334,4
477.20416395097334,4
477.20416395097334,4
477.20416395097334,4
477.20416395097334,4
477.20416395097334,4
477.20416395097334,4
477.20416395097334,4
477.20416395097334,4
477.20416395097334,4
477.20416395097334,4
477.20416395097334,4
477.20416395097334,4
477.20416395097334,4
477.20416395097334,4
477.20416395097334,4
477.20416395097334,4
477.20416395097334,4
477.20416395097334,4
477.20416395097334,4
477.20416395097334,4
477.20416395097334,4
477.20416395097334,4
477.20416395097334,4
477.20416395097334,4
477.20416395097334,4
477.20416395097334,4
477.20416395097334,4
477.20416395097334,4
477.20416395097334,4
477.20416395097334,4
477.20416395097334,4
477.20416395097334,4
477.20416395097334,4
477.20416395097334,4
477.20416395097334,4
477.20416395097334,4
477.20416395097334,4
477.20416395097334,4
477.20416395097334,4
477.20416395097334,4
477.20416395097334,4
477.20416395097334,4
477.20416395097334,4
477.20416395097334,4
477.20416395097334,4
477.20416395097334,4
477.20416395097334,4
477.20416395097334,4
477.20416395097334,4
477.20416395097334,4
477.20416395097334,4
477.20416395097334,4
477.20416395097334,4
477.20416395097334,4
477.20416395097334,4
477.20416395097334,4
477.20416395097334,4
477.20416395097334,4
477.20416395097334,4
477.20416395097334,4
477.20416395097334,4
477.20416395097334,4
477.20416395097334,4
477.20416395097334,4
477.20416395097334,4
477.20416395097334,4
477.20416395097334,4
