1886.6570290320383,25
1748.5999327461232,23
1741.375041882429,23
1741.375041882429,23
1696.6640884998938,20
1593.78473851136,18
1593.78473851136,18
1592.5584399119602,17
1555.2434804817067,20
1555.2434804817067,20
1532.0490165334268,17
1499.4176165370077,16
1479.158025044368,16
1479.158025044368,16
1479.158025044368,16
1430.8902777949004,14
1430.8902777949004,14
1430.8902777949004,14
1430.8902777949004,14
1428.262217359371,15
1421.870964024471,15
1374.2592872604966,14
1367.7726485390565,13
1345.6704189667555,12
1305.5648156936813,13
1305.5648156936813,13
1305.5648156936813,13
1305.5648156936813,13
1271.3419625735928,13
1267.3710860448018,13
1244.2098351644422,12
1244.2098351644422,12
1244.2098351644422,12
1235.6754502556632,12
1208.933096190672,12
1186.830866618371,11
1186.830866618371,11
1186.830866618371,11
1177.2306163447042,11
1108.6579958561724,10
1108.6579958561724,10
1077.437747245643,9
1010.9157991502616,8
1010.9157991502616,8
973.9836516391531,8
973.9836516391531,8
973.9836516391531,8
973.9836516391531,8
954.5366841966329,7
954.5366841966329,7
954.5366841966329,7
954.5366841966329,7
954.5366841966329,7
954.5366841966329,7
954.5366841966329,7
954.5366841966329,7
954.5366841966329,7
954.5366841966329,7
954.5366841966329,7
954.5366841966329,7
954.5366841966329,7
954.5366841966329,7
954.5366841966329,7
954.5366841966329,7
954.5366841966329,7
950.8608116538057,8
921.6179711634629,8
921.6179711634629,8
921.6179711634629,8
921.6179711634629,8
911.2956628592381,7
911.2956628592381,7
911.2956628592381,7
909.4464571456188,7
909.4464571456188,7
883.9254925622547,7
883.9254925622547,7
883.9254925622547,7
883.9254925622547,7
883.9254925622547,7
883.9254925622547,7
883.9254925622547,7
883.9254925622547,7
883.9254925622547,7
830.6011561068672,7
830.6011561068672,7
830.6011561068672,7
830.6011561068672,7
830.6011561068672,7
830.6011561068672,7
830.6011561068672,7
830.6011561068672,7
830.6011561068672,7
830.6011561068672,7
830.6011561068672,7
830.6011561068672,7
830.6011561068672,7
830.6011561068672,7
830.6011561068672,7
830.6011561068672,7
830.6011561068672,7
830.6011561068672,7
830.6011561068672,7
830.6011561068672,7
830.6011561068672,7
830.6011561068672,7
830.6011561068672,7
830.6011561068672,7
830.6011561068672,7
830.6011561068672,7
830.6011561068672,7
830.6011561068672,7
830.6011561068672,7
830.6011561068672,7
830.6011561068672,7
830.6011561068672,7
830.6011561068672,7
830.6011561068672,7
830.6011561068672,7
830.6011561068672,7
830.6011561068672,7
830.6011561068672,7
830.6011561068672,7
830.6011561068672,7
830.6011561068672,7
830.6011561068672,7
830.6011561068672,7
830.6011561068672,7
830.6011561068672,7
830.6011561068672,7
830.6011561068672,7
830.6011561068672,7
830.6011561068672,7
830.6011561068672,7
830.6011561068672,7
830.6011561068672,7
830.6011561068672,7
830.6011561068672,7
829.6072133126574,6
829.6072133126574,6
829.6072133126574,6
825.151558750598,6
745.4867547687309,5
743.6099059052706,5
743.6099059052706,5
743.6099059052706,5
743.6099059052706,5
743.6099059052706,5
743.6099059052706,5
743.6099059052706,5
743.6099059052706,5
743.6099059052706,5
743.6099059052706,5
743.6099059052706,5
743.6099059052706,5
743.6099059052706,5
743.6099059052706,5
743.6099059052706,5
743.6099059052706,5
743.6099059052706,5
743.6099059052706,5
743.6099059052706,5
743.6099059052706,5
743.6099059052706,5
687.376715357462,5
687.376715357462,5
676.1356428435033,3
675.1621059314258,3
675.1621059314258,3
675.1621059314258,3
675.1621059314258,3
675.1621059314258,3
675.1621059314258,3
675.1621059314258,3
675.1621059314258,3
675.1621059314258,3
666.5695365537205,4
666.5695365537205,4
666.5695365537205,4
666.5695365537205,4
666.5695365537205,4
666.5695365537205,4
662.401532206494,4
662.401532206494,4
660.0470869674922,4
660.0470869674922,4
660.0470869674922,4
660.0470869674922,4
660.0470869674922,4
660.0470869674922,4
660.0470869674922,4
660.0470869674922,4
656.0322792163967,4
656.0322792163967,4
656.0322792163967,4
656.0322792163967,4
655.2060355439428,4
655.2060355439428,4
655.2060355439428,4
646.8270511728601,4
646.8270511728601,4
633.1191833791141,3
633.1191833791141,3
630.3478100069168,3
630.3478100069168,3
630.3478100069168,3
630.3478100069168,3
630.3478100069168,3
630.3478100069168,3
630.3478100069168,3
612.6101485537749,3
612.6101485537749,3
612.6101485537749,3
612.6101485537749,3
612.6101485537749,3
612.6101485537749,3
612.6101485537749,3
596.1190929185818,4
596.1190929185818,4
596.1190929185818,4
587.7456647124336,4
587.7456647124336,4
587.7456647124336,4
587.7456647124336,4
587.7456647124336,4
587.7456647124336,4
587.7456647124336,4
587.7456647124336,4
587.7456647124336,4
587.7456647124336,4
587.7456647124336,4
587.7456647124336,4
587.7456647124336,4
587.7456647124336,4
587.7456647124336,4
587.7456647124336,4
587.7456647124336,4
587.7456647124336,4
587.7456647124336,4
587.7456647124336,4
587.7456647124336,4
587.7456647124336,4
587.7456647124336,4
580.6253333416389,4
572.6350040688451,4
572.6350040688451,4
572.6350040688451,4
551.7463884729527,4
551.7463884729527,4
551.7463884729527,4
551.7463884729527,4
551.7463884729527,4
551.7463884729527,4
551.7463884729527,4
551.7463884729527,4
551.7463884729527,4
551.7463884729527,4
551.7463884729527,4
551.7463884729527,4
551.7463884729527,4
551.7463884729527,4
551.7463884729527,4
551.7463884729527,4
551.7463884729527,4
551.7463884729527,4
551.7463884729527,4
551.7463884729527,4
551.7463884729527,4
551.7463884729527,4
551.7463884729527,4
551.7463884729527,4
551.7463884729527,4
551.7463884729527,4
551.7463884729527,4
551.7463884729527,4
551.7463884729527,4
551.7463884729527,4
551.7463884729527,4
551.7463884729527,4
543.1631434577309,4
543.1631434577309,4
543.1631434577309,4
543.1631434577309,4
543.1631434577309,4
543.1631434577309,4
543.1631434577309,4
543.1631434577309,4
543.1631434577309,4
543.1631434577309,4
543.1631434577309,4
543.1631434577309,4
543.1631434577309,4
543.1631434577309,4
543.1631434577309,4
543.1631434577309,4
543.1631434577309,4
543.1631434577309,4
543.1631434577309,4
543.1631434577309,4
543.1631434577309,4
543.1631434577309,4
543.1631434577309,4
543.1631434577309,4
543.1631434577309,4
543.1631434577309,4
543.1631434577309,4
543.1631434577309,4
543.1631434577309,4
543.1631434577309,4
543.1631434577309,4
543.1631434577309,4
543.1631434577309,4
543.1631434577309,4
543.1631434577309,4
543.1631434577309,4
543.1631434577309,4
543.1631434577309,4
543.1631434577309,4
543.1631434577309,4
543.1631434577309,4
543.1631434577309,4
543.1631434577309,4
543.1631434577309,4
543.1631434577309,4
543.1631434577309,4
543.1631434577309,4
543.1631434577309,4
543.1631434577309,4
543.1631434577309,4
543.1631434577309,4
543.1631434577309,4
543.1631434577309,4
543.1631434577309,4
543.1631434577309,4
543.1631434577309,4
543.1631434577309,4
543.1631434577309,4
543.1631434577309,4
543.1631434577309,4
543.1631434577309,4
543.1631434577309,4
543.1631434577309,4
536.9617031215479,4
536.9617031215479,4
532.5531855397337,4
532.5531855397337,4
532.5531855397337,4
532.5531855397337,4
532.5531855397337,4
532.5531855397337,4
532.5531855397337,4
532.5531855397337,4
532.5531855397337,4
532.5531855397337,4
532.5531855397337,4
532.5531855397337,4
532.5531855397337,4
532.5531855397337,4
532.5531855397337,4
532.5531855397337,4
532.5531855397337,4
517.7387965879835,4
517.7387965879835,4
517.7387965879835,4
517.7387965879835,4
514.0901630891492,4
514.0901630891492,4
514.0901630891492,4
514.0901630891492,4
514.0901630891492,4
514.0901630891492,4
514.0901630891492,4
514.0901630891492,4
514.0901630891492,4
514.0901630891492,4
514.0901630891492,4
514.0901630891492,4
514.0901630891492,4
514.0901630891492,4
514.0901630891492,4
514.0901630891492,4
514.0901630891492,4
514.0901630891492,4
514.0901630891492,4
514.0901630891492,4
514.0901630891492,4
514.0901630891492,4
514.0901630891492,4
514.0901630891492,4
514.0901630891492,4
514.0901630891492,4
514.0901630891492,4
514.0901630891492,4
512.7827248526896,3
512.4064563088396,3
496.1683168813852,3
493.15035745108685,3
493.15035745108685,3
493.15035745108685,3
493.15035745108685,3
493.15035745108685,3
491.759799299571,3
491.759799299571,3
491.759799299571,3
491.759799299571,3
491.759799299571,3
491.759799299571,3
488.7707389147331,3
488.7707389147331,3
488.7707389147331,3
488.7707389147331,3
488.7707389147331,3
488.7707389147331,3
488.7707389147331,3
488.7707389147331,3
488.7707389147331,3
488.7707389147331,3
484.3482024382587,3
484.3482024382587,3
484.3482024382587,3
484.3482024382587,3
484.3482024382587,3
484.3482024382587,3
484.3482024382587,3
484.3482024382587,3
484.3482024382587,3
484.3482024382587,3
484.3482024382587,3
484.3482024382587,3
484.3482024382587,3
484.3482024382587,3
484.3482024382587,3
484.3482024382587,3
484.3482024382587,3
484.3482024382587,3
484.3482024382587,3
484.3482024382587,3
484.3482024382587,3
484.3482024382587,3
484.3482024382587,3
484.3482024382587,3
484.3482024382587,3
484.3482024382587,3
484.3482024382587,3
484.3482024382587,3
484.3482024382587,3
484.3482024382587,3
484.3482024382587,3
484.3482024382587,3
484.3482024382587,3
484.3482024382587,3
484.3482024382587,3
484.3482024382587,3
484.3482024382587,3
473.4671695148542,3
473.4671695148542,3
473.4671695148542,3
473.4671695148542,3
473.4671695148542,3
473.4671695148542,3
473.4671695148542,3
473.4671695148542,3
473.4671695148542,3
473.4671695148542,3
473.4671695148542,3
473.4671695148542,3
473.4671695148542,3
473.4671695148542,3
473.4671695148542,3
473.4671695148542,3
473.4671695148542,3
473.4671695148542,3
473.4671695148542,3
473.4671695148542,3
473.4671695148542,3
473.4671695148542,3
473.4671695148542,3
473.4671695148542,3
473.4671695148542,3
473.4671695148542,3
473.4671695148542,3
473.4671695148542,3
473.4671695148542,3
473.4671695148542,3
473.4671695148542,3
473.4671695148542,3
473.4671695148542,3
473.4671695148542,3
473.4671695148542,3
473.4671695148542,3
473.4671695148542,3
473.4671695148542,3
473.4671695148542,3
473.4671695148542,3
473.4671695148542,3
473.4671695148542,3
473.4671695148542,3
473.4671695148542,3
473.4671695148542,3
473.4671695148542,3
473.4671695148542,3
473.4671695148542,3
473.4671695148542,3
473.4671695148542,3
473.4671695148542,3
473.4671695148542,3
473.4671695148542,3
473.4671695148542,3
473.4671695148542,3
473.4671695148542,3
473.4671695148542,3
473.4671695148542,3
473.4671695148542,3
473.4671695148542,3
473.4671695148542,3
473.4671695148542,3
473.4671695148542,3
473.4671695148542,3
473.4671695148542,3
473.4671695148542,3
473.4671695148542,3
464.59568215794013,3
464.59568215794013,3
464.59568215794013,3
464.59568215794013,3
464.59568215794013,3
464.59568215794013,3
464.59568215794013,3
464.59568215794013,3
464.59568215794013,3
464.2577625758977,3
456.0597235487121,3
456.0597235487121,3
456.0597235487121,3
456.0597235487121,3
456.0597235487121,3
456.0597235487121,3
456.0597235487121,3
456.0597235487121,3
456.0597235487121,3
456.0597235487121,3
456.0597235487121,3
456.0597235487121,3
456.0597235487121,3
456.0597235487121,3
456.0597235487121,3
456.0597235487121,3
456.0597235487121,3
456.0597235487121,3
456.0597235487121,3
456.0597235487121,3
456.0597235487121,3
456.0597235487121,3
456.0597235487121,3
456.0597235487121,3
456.0597235487121,3
456.0597235487121,3
456.0597235487121,3
456.0597235487121,3
456.0597235487121,3
456.0597235487121,3
456.0597235487121,3
456.0597235487121,3
456.0597235487121,3
456.0597235487121,3
456.0597235487121,3
454.1020026721314,3
451.81496959051174,3
449.3302000085669,3
449.3302000085669,3
449.3302000085669,3
449.3302000085669,3
444.92168242675274,3
444.92168242675274,3
444.92168242675274,3
444.92168242675274,3
444.92168242675274,3
444.92168242675274,3
444.92168242675274,3
444.92168242675274,3
444.92168242675274,3
444.92168242675274,3
444.92168242675274,3
444.92168242675274,3
444.92168242675274,3
444.92168242675274,3
444.92168242675274,3
444.92168242675274,3
444.92168242675274,3
444.92168242675274,3
444.92168242675274,3
444.92168242675274,3
444.92168242675274,3
444.92168242675274,3
444.92168242675274,3
444.92168242675274,3
444.92168242675274,3
444.92168242675274,3
444.92168242675274,3
444.92168242675274,3
444.92168242675274,3
444.92168242675274,3
444.92168242675274,3
444.92168242675274,3
444.92168242675274,3
439.937739755026,3
439.937739755026,3
439.937739755026,3
439.937739755026,3
439.937739755026,3
439.937739755026,3
439.937739755026,3
439.937739755026,3
439.937739755026,3
439.937739755026,3
439.937739755026,3
439.937739755026,3
439.937739755026,3
439.937739755026,3
439.937739755026,3
439.937739755026,3
439.937739755026,3
439.937739755026,3
439.937739755026,3
439.937739755026,3
439.937739755026,3
439.937739755026,3
439.937739755026,3
439.937739755026,3
439.937739755026,3
439.937739755026,3
439.937739755026,3
439.937739755026,3
439.937739755026,3
439.937739755026,3
439.937739755026,3
439.937739755026,3
439.937739755026,3
424.3654274173831,3
424.3654274173831,3
424.3654274173831,3
424.3654274173831,3
424.3654274173831,3
424.3654274173831,3
424.3654274173831,3
424.3654274173831,3
424.3654274173831,3
424.3654274173831,3
424.3654274173831,3
424.3654274173831,3
424.3654274173831,3
424.3654274173831,3
424.3654274173831,3
424.3654274173831,3
424.3654274173831,3
424.3654274173831,3
424.3654274173831,3
424.3654274173831,3
424.3654274173831,3
424.3654274173831,3
424.3654274173831,3
424.3654274173831,3
424.3654274173831,3
424.3654274173831,3
424.3654274173831,3
424.3654274173831,3
424.3654274173831,3
424.3654274173831,3
424.3654274173831,3
424.3654274173831,3
424.3654274173831,3
424.3654274173831,3
424.3654274173831,3
424.3654274173831,3
424.3654274173831,3
424.3654274173831,3
424.3654274173831,3
424.3654274173831,3
424.3654274173831,3
424.3654274173831,3
424.3654274173831,3
424.3654274173831,3
424.3654274173831,3
424.3654274173831,3
424.3654274173831,3
424.3654274173831,3
424.3654274173831,3
424.3654274173831,3
424.3654274173831,3
424.3654274173831,3
424.3654274173831,3
424.3654274173831,3
424.3654274173831,3
424.3654274173831,3
424.3654274173831,3
424.3654274173831,3
424.3654274173831,3
424.3654274173831,3
424.3654274173831,3
424.3654274173831,3
424.3654274173831,3
424.3654274173831,3
424.3654274173831,3
424.3654274173831,3
424.3654274173831,3
424.3654274173831,3
424.3654274173831,3
424.3654274173831,3
424.3654274173831,3
424.3654274173831,3
424.3654274173831,3
424.3654274173831,3
424.3654274173831,3
424.3654274173831,3
424.3654274173831,3
424.3654274173831,3
424.3654274173831,3
424.3654274173831,3
424.3654274173831,3
424.3654274173831,3
424.3654274173831,3
424.3654274173831,3
424.3654274173831,3
424.3654274173831,3
424.3654274173831,3
424.3654274173831,3
424.3654274173831,3
424.3654274173831,3
424.3654274173831,3
424.3654274173831,3
424.3654274173831,3
424.3654274173831,3
424.3654274173831,3
424.3654274173831,3
424.3654274173831,3
424.3654274173831,3
424.3654274173831,3
424.3654274173831,3
424.3654274173831,3
424.3654274173831,3
424.3654274173831,3
424.3654274173831,3
424.3654274173831,3
424.3654274173831,3
424.3654274173831,3
424.3654274173831,3
424.3654274173831,3
424.3654274173831,3
424.3654274173831,3
424.3654274173831,3
424.3654274173831,3
424.3654274173831,3
424.3654274173831,3
424.3654274173831,3
424.3654274173831,3
424.3654274173831,3
424.3654274173831,3
424.3654274173831,3
424.3654274173831,3
424.3654274173831,3
424.3654274173831,3
424.3654274173831,3
424.3654274173831,3
424.3654274173831,3
424.3654274173831,3
424.3654274173831,3
424.3654274173831,3
424.3654274173831,3
424.3654274173831,3
424.3654274173831,3
424.3654274173831,3
424.3654274173831,3
424.3654274173831,3
424.3654274173831,3
424.3654274173831,3
424.3654274173831,3
424.3654274173831,3
424.3654274173831,3
424.3654274173831,3
424.3654274173831,3
424.3654274173831,3
424.3654274173831,3
424.3654274173831,3
424.3654274173831,3
424.3654274173831,3
424.3654274173831,3
424.3654274173831,3
424.3654274173831,3
424.3654274173831,3
424.3654274173831,3
424.3654274173831,3
424.3654274173831,3
424.3654274173831,3
424.3654274173831,3
424.3654274173831,3
424.3654274173831,3
424.3654274173831,3
424.3654274173831,3
424.3654274173831,3
424.3654274173831,3
424.3654274173831,3
424.3654274173831,3
424.3654274173831,3
424.3654274173831,3
424.3654274173831,3
424.3654274173831,3
424.3654274173831,3
424.3654274173831,3
424.3654274173831,3
424.3654274173831,3
424.3654274173831,3
424.3654274173831,3
424.3654274173831,3
424.3654274173831,3
424.3654274173831,3
424.3654274173831,3
424.3654274173831,3
424.3654274173831,3
424.3654274173831,3
424.3654274173831,3
424.3654274173831,3
424.3654274173831,3
424.3654274173831,3
424.3654274173831,3
424.3654274173831,3
423.73922634006965,3
423.73922634006965,3
423.73922634006965,3
423.73922634006965,3
423.73922634006965,3
423.73922634006965,3
423.73922634006965,3
423.73922634006965,3
423.73922634006965,3
423.73922634006965,3
423.73922634006965,3
423.73922634006965,3
423.73922634006965,3
423.73922634006965,3
423.73922634006965,3
423.73922634006965,3
423.73922634006965,3
423.73922634006965,3
423.73922634006965,3
423.73922634006965,3
421.51283172403816,3
421.51283172403816,3
421.51283172403816,3
421.51283172403816,3
421.51283172403816,3
421.51283172403816,3
421.51283172403816,3
421.51283172403816,3
421.51283172403816,3
421.51283172403816,3
421.51283172403816,3
421.51283172403816,3
421.51283172403816,3
421.51283172403816,3
421.51283172403816,3
421.51283172403816,3
421.51283172403816,3
421.51283172403816,3
421.51283172403816,3
421.51283172403816,3
421.51283172403816,3
421.51283172403816,3
421.51283172403816,3
421.51283172403816,3
421.51283172403816,3
421.51283172403816,3
421.51283172403816,3
421.51283172403816,3
421.51283172403816,3
421.51283172403816,3
421.51283172403816,3
421.51283172403816,3
421.51283172403816,3
421.51283172403816,3
421.51283172403816,3
421.51283172403816,3
421.51283172403816,3
421.51283172403816,3
421.51283172403816,3
421.51283172403816,3
421.51283172403816,3
421.51283172403816,3
421.51283172403816,3
421.51283172403816,3
421.51283172403816,3
421.51283172403816,3
421.51283172403816,3
421.51283172403816,3
421.51283172403816,3
421.51283172403816,3
421.51283172403816,3
421.51283172403816,3
421.51283172403816,3
421.51283172403816,3
421.51283172403816,3
421.51283172403816,3
421.51283172403816,3
421.51283172403816,3
421.51283172403816,3
421.51283172403816,3
421.51283172403816,3
421.51283172403816,3
421.51283172403816,3
421.51283172403816,3
421.51283172403816,3
421.51283172403816,3
421.51283172403816,3
421.51283172403816,3
421.51283172403816,3
421.51283172403816,3
421.51283172403816,3
421.51283172403816,3
421.51283172403816,3
421.51283172403816,3
421.51283172403816,3
421.51283172403816,3
421.51283172403816,3
421.51283172403816,3
421.51283172403816,3
421.51283172403816,3
421.51283172403816,3
421.51283172403816,3
421.51283172403816,3
421.51283172403816,3
421.51283172403816,3
421.51283172403816,3
421.51283172403816,3
421.51283172403816,3
421.51283172403816,3
421.51283172403816,3
421.51283172403816,3
421.51283172403816,3
421.51283172403816,3
421.51283172403816,3
421.51283172403816,3
421.51283172403816,3
421.51283172403816,3
421.51283172403816,3
421.51283172403816,3
421.51283172403816,3
421.51283172403816,3
421.51283172403816,3
421.51283172403816,3
421.51283172403816,3
421.51283172403816,3
421.51283172403816,3
421.51283172403816,3
421.51283172403816,3
421.51283172403816,3
421.51283172403816,3
421.51283172403816,3
421.51283172403816,3
421.51283172403816,3
421.51283172403816,3
421.51283172403816,3
421.51283172403816,3
421.51283172403816,3
421.51283172403816,3
421.51283172403816,3
421.51283172403816,3
421.51283172403816,3
421.51283172403816,3
421.51283172403816,3
421.51283172403816,3
421.51283172403816,3
421.51283172403816,3
421.51283172403816,3
421.51283172403816,3
421.51283172403816,3
421.51283172403816,3
421.51283172403816,3
421.51283172403816,3
421.51283172403816,3
421.51283172403816,3
421.51283172403816,3
421.51283172403816,3
421.51283172403816,3
421.51283172403816,3
421.51283172403816,3
421.51283172403816,3
421.51283172403816,3
421.51283172403816,3
421.51283172403816,3
421.51283172403816,3
421.51283172403816,3
421.51283172403816,3
421.51283172403816,3
421.51283172403816,3
421.51283172403816,3
421.51283172403816,3
421.51283172403816,3
421.51283172403816,3
421.51283172403816,3
421.51283172403816,3
421.51283172403816,3
