1886.6570290320385,25
1806.9922250501716,24
1668.7233260452613,21
1651.929847538281,19
1609.4312570803454,20
1579.472966907727,20
1542.8113718885293,19
1516.2188223817725,18
1516.2188223817725,18
1482.7442151869836,17
1431.996971871246,17
1431.996971871246,17
1431.996971871246,17
1431.996971871246,17
1431.996971871246,17
1374.391759932462,15
1374.391759932462,15
1374.391759932462,15
1344.0016451954893,14
1344.0016451954893,14
1344.0016451954893,14
1344.0016451954893,14
1336.3683142431582,14
1299.0420506542575,14
1299.0420506542575,14
1299.0420506542575,14
1299.0420506542575,14
1267.9874535911258,11
1267.9874535911258,11
1189.4626319261722,10
1189.4626319261722,10
1189.4626319261722,10
1152.0697059610045,10
1152.0697059610045,10
1152.0697059610045,10
1144.0600830815176,10
1144.0600830815176,10
1144.0600830815176,10
1086.7015768780166,10
1086.7015768780166,10
1086.7015768780166,10
1086.7015768780166,10
1086.7015768780166,10
1086.7015768780166,10
1086.7015768780166,10
1086.7015768780166,10
1086.5630593561357,11
1083.0899093704757,10
1074.710290834122,10
1041.0560713995092,10
1041.0560713995092,10
972.9989751135929,9
972.9989751135929,9
972.9989751135929,9
972.9989751135929,9
972.9989751135929,9
949.8678197827617,8
938.5554770376535,7
938.5554770376535,7
938.5554770376535,7
920.8773582033396,7
873.9122696923679,7
873.9122696923679,7
873.9122696923679,7
839.4498605065384,8
839.4498605065384,8
839.4498605065384,8
835.2219089246304,8
770.0432730676777,7
770.0432730676777,7
763.6080908241414,7
763.6080908241414,7
763.6080908241414,7
763.6080908241414,7
763.6080908241414,7
763.6080908241414,7
763.6080908241414,7
763.6080908241414,7
763.6080908241414,7
763.6080908241414,7
763.6080908241414,7
763.6080908241414,7
763.6080908241414,7
763.6080908241414,7
763.6080908241414,7
763.6080908241414,7
763.6080908241414,7
763.6080908241414,7
763.6080908241414,7
749.3544311314822,6
749.3544311314822,6
734.1444862224853,6
734.1444862224853,6
734.1444862224853,6
734.1444862224853,6
734.1444862224853,6
734.1444862224853,6
734.1444862224853,6
734.1444862224853,6
734.1444862224853,6
734.1444862224853,6
734.1444862224853,6
734.1444862224853,6
734.1444862224853,6
734.1444862224853,6
734.1444862224853,6
734.1444862224853,6
734.1444862224853,6
734.1444862224853,6
734.1444862224853,6
734.1444862224853,6
731.3580524810271,5
731.3580524810271,5
731.3580524810271,5
731.3580524810271,5
731.3580524810271,5
731.3580524810271,5
715.7320697121988,4
715.7320697121988,4
713.3384893302486,4
713.3384893302486,4
713.3384893302486,4
713.3384893302486,4
701.8175609459352,5
697.5388092340675,5
696.4685570143661,5
696.4685570143661,5
696.4685570143661,5
694.6541698905883,5
692.9904472175941,5
692.9904472175941,5
692.9904472175941,5
692.9904472175941,5
692.9904472175941,5
692.9904472175941,5
692.9904472175941,5
692.9904472175941,5
692.9904472175941,5
692.9904472175941,5
692.9904472175941,5
692.9904472175941,5
692.9904472175941,5
692.9904472175941,5
692.9904472175941,5
692.9904472175941,5
692.9904472175941,5
692.9904472175941,5
692.9904472175941,5
692.9904472175941,5
692.9904472175941,5
692.9904472175941,5
692.9904472175941,5
692.9904472175941,5
692.9904472175941,5
692.9904472175941,5
692.9904472175941,5
692.9904472175941,5
692.9904472175941,5
692.9904472175941,5
692.9904472175941,5
692.9904472175941,5
692.9904472175941,5
692.9904472175941,5
692.9904472175941,5
692.9904472175941,5
678.4660676445542,4
671.1791229535495,4
669.7854429585927,4
665.3228776130006,4
665.3228776130006,4
665.3228776130006,4
662.1819035442229,4
662.1819035442229,4
662.1819035442229,4
662.1819035442229,4
662.1819035442229,4
662.1819035442229,4
662.1819035442229,4
662.1819035442229,4
662.1819035442229,4
662.1819035442229,4
662.1819035442229,4
638.8160472536683,4
638.8160472536683,4
638.8160472536683,4
638.8160472536683,4
638.8160472536683,4
638.8160472536683,4
638.8160472536683,4
626.794202914379,4
626.794202914379,4
626.794202914379,4
626.794202914379,4
626.794202914379,4
626.794202914379,4
626.794202914379,4
626.794202914379,4
626.794202914379,4
626.794202914379,4
626.794202914379,4
626.794202914379,4
626.794202914379,4
626.794202914379,4
626.2836992980792,4
623.7118784189455,4
623.7118784189455,4
623.7118784189455,4
623.7118784189455,4
620.414390042768,4
620.414390042768,4
620.414390042768,4
620.414390042768,4
619.3922678486999,4
613.9792077992315,4
600.7575022623423,4
600.7575022623423,4
600.7575022623423,4
600.7575022623423,4
600.7575022623423,4
590.781738588742,4
586.3732210069277,4
586.3732210069277,4
586.3732210069277,4
586.3732210069277,4
586.3732210069277,4
586.3732210069277,4
586.3732210069277,4
584.574170932793,4
584.574170932793,4
584.574170932793,4
584.574170932793,4
584.574170932793,4
584.574170932793,4
584.574170932793,4
584.574170932793,4
584.574170932793,4
584.574170932793,4
566.016274982507,4
566.016274982507,4
566.016274982507,4
556.5703917628989,4
556.5703917628989,4
556.5703917628989,4
556.5703917628989,4
556.5703917628989,4
556.5703917628989,4
556.5703917628989,4
556.5703917628989,4
556.5703917628989,4
556.5703917628989,4
556.5703917628989,4
556.5703917628989,4
556.5703917628989,4
556.5703917628989,4
556.5703917628989,4
556.5703917628989,4
556.5703917628989,4
556.5703917628989,4
556.5703917628989,4
556.5703917628989,4
556.5703917628989,4
556.5703917628989,4
556.5703917628989,4
556.5703917628989,4
556.5703917628989,4
549.9359013935451,4
549.9359013935451,4
548.6276903653288,4
548.1755536745828,4
548.1755536745828,4
548.1755536745828,4
548.1755536745828,4
548.1755536745828,4
548.1755536745828,4
548.1755536745828,4
548.1755536745828,4
548.1755536745828,4
548.1755536745828,4
548.1755536745828,4
548.1755536745828,4
548.1755536745828,4
548.1755536745828,4
548.1755536745828,4
548.1755536745828,4
545.7950638234566,4
545.7950638234566,4
545.7950638234566,4
545.7950638234566,4
545.7950638234566,4
545.2467015581625,4
545.2467015581625,4
545.2467015581625,4
545.2467015581625,4
545.2467015581625,4
545.2467015581625,4
529.2326768441627,4
529.2326768441627,4
529.2326768441627,4
529.2326768441627,4
529.2326768441627,4
529.2326768441627,4
529.2326768441627,4
529.2326768441627,4
529.2326768441627,4
529.2326768441627,4
529.2326768441627,4
529.2326768441627,4
529.2326768441627,4
529.2326768441627,4
529.2326768441627,4
529.2326768441627,4
529.2326768441627,4
529.2326768441627,4
529.2326768441627,4
529.2326768441627,4
529.2326768441627,4
529.2326768441627,4
529.2326768441627,4
529.2326768441627,4
529.2326768441627,4
529.2326768441627,4
529.2326768441627,4
529.2326768441627,4
529.2326768441627,4
529.2326768441627,4
529.2326768441627,4
529.2326768441627,4
529.2326768441627,4
529.2326768441627,4
529.2326768441627,4
529.2326768441627,4
529.2326768441627,4
529.2326768441627,4
529.2326768441627,4
529.2326768441627,4
529.2326768441627,4
529.2326768441627,4
529.2326768441627,4
529.2326768441627,4
529.2326768441627,4
529.2326768441627,4
529.2326768441627,4
529.2326768441627,4
529.2326768441627,4
529.2326768441627,4
529.2326768441627,4
529.2326768441627,4
529.2326768441627,4
529.2326768441627,4
529.2326768441627,4
529.2326768441627,4
524.6840494965181,4
524.6840494965181,4
524.6840494965181,4
524.6840494965181,4
524.6840494965181,4
524.6840494965181,4
524.6840494965181,4
524.6840494965181,4
524.2798327512342,4
523.2899324643388,4
523.2899324643388,4
522.2667476115996,4
521.9667129071192,4
513.7686738799337,4
513.7686738799337,4
513.7686738799337,4
513.7686738799337,4
513.7686738799337,4
513.7686738799337,4
513.7686738799337,4
513.7686738799337,4
513.7686738799337,4
513.7686738799337,4
513.7686738799337,4
513.7686738799337,4
513.7686738799337,4
513.7686738799337,4
513.7686738799337,4
513.7686738799337,4
513.7686738799337,4
513.7686738799337,4
513.7686738799337,4
513.7686738799337,4
513.7686738799337,4
513.7686738799337,4
513.7686738799337,4
513.7686738799337,4
513.7686738799337,4
513.7686738799337,4
513.7686738799337,4
513.7686738799337,4
513.7686738799337,4
513.7686738799337,4
513.7686738799337,4
513.7686738799337,4
513.7686738799337,4
513.7686738799337,4
513.7686738799337,4
513.7686738799337,4
513.7686738799337,4
513.7686738799337,4
513.7686738799337,4
513.7686738799337,4
513.7686738799337,4
513.7686738799337,4
513.7686738799337,4
513.7686738799337,4
513.7686738799337,4
513.7686738799337,4
513.7686738799337,4
513.7686738799337,4
513.7686738799337,4
513.7686738799337,4
513.7686738799337,4
513.7686738799337,4
513.7686738799337,4
513.7686738799337,4
513.7686738799337,4
513.7686738799337,4
513.7686738799337,4
513.7686738799337,4
513.7686738799337,4
513.7686738799337,4
513.7686738799337,4
513.7686738799337,4
513.7686738799337,4
513.7686738799337,4
513.7686738799337,4
513.7686738799337,4
513.7686738799337,4
513.7686738799337,4
501.4772671359473,4
501.4772671359473,4
501.4772671359473,4
501.4772671359473,4
501.4772671359473,4
501.4772671359473,4
501.4772671359473,4
501.4772671359473,4
500.0806711233914,4
500.0806711233914,4
500.0806711233914,4
500.0806711233914,4
500.0806711233914,4
500.0806711233914,4
500.0806711233914,4
500.0806711233914,4
500.0806711233914,4
500.0806711233914,4
492.60446473626286,4
492.60446473626286,4
492.60446473626286,4
492.60446473626286,4
492.60446473626286,4
492.60446473626286,4
492.60446473626286,4
492.60446473626286,4
492.60446473626286,4
492.60446473626286,4
492.60446473626286,4
492.60446473626286,4
492.60446473626286,4
492.60446473626286,4
492.60446473626286,4
492.60446473626286,4
492.60446473626286,4
492.60446473626286,4
492.60446473626286,4
492.60446473626286,4
492.60446473626286,4
492.60446473626286,4
492.60446473626286,4
492.60446473626286,4
492.60446473626286,4
492.60446473626286,4
492.53775779389406,4
492.53775779389406,4
492.53775779389406,4
492.53775779389406,4
492.53775779389406,4
492.53775779389406,4
492.53775779389406,4
492.53775779389406,4
492.53775779389406,4
492.53775779389406,4
492.53775779389406,4
492.53775779389406,4
492.53775779389406,4
492.53775779389406,4
492.53775779389406,4
492.53775779389406,4
492.53775779389406,4
492.53775779389406,4
492.53775779389406,4
492.53775779389406,4
492.53775779389406,4
492.53775779389406,4
492.53775779389406,4
492.53775779389406,4
492.53775779389406,4
492.53775779389406,4
492.53775779389406,4
492.53775779389406,4
492.53775779389406,4
492.53775779389406,4
492.53775779389406,4
492.53775779389406,4
492.53775779389406,4
492.53775779389406,4
492.53775779389406,4
492.53775779389406,4
492.53775779389406,4
492.53775779389406,4
492.53775779389406,4
492.53775779389406,4
492.53775779389406,4
487.3304270868894,4
482.15034749000216,4
474.93434903251824,4
474.93434903251824,4
474.93434903251824,4
474.93434903251824,4
474.4992154363822,4
472.3328866316511,4
472.3328866316511,4
472.3328866316511,4
472.3328866316511,4
469.24157571775595,4
469.24157571775595,4
469.24157571775595,4
469.24157571775595,4
469.24157571775595,4
464.1503001645846,4
464.1503001645846,4
464.1503001645846,4
464.1503001645846,4
464.1503001645846,4
464.1503001645846,4
464.1503001645846,4
464.1503001645846,4
464.1503001645846,4
464.1503001645846,4
464.1503001645846,4
463.544528138733,4
462.1358576305195,4
462.1358576305195,4
462.1358576305195,4
462.1358576305195,4
462.1358576305195,4
462.1358576305195,4
462.1358576305195,4
462.1358576305195,4
462.1358576305195,4
462.1358576305195,4
462.1358576305195,4
462.1358576305195,4
462.1358576305195,4
462.1358576305195,4
462.1358576305195,4
462.1358576305195,4
462.1358576305195,4
462.1358576305195,4
462.1358576305195,4
462.1358576305195,4
462.1358576305195,4
462.1358576305195,4
462.1358576305195,4
462.1358576305195,4
462.1358576305195,4
462.1358576305195,4
462.1358576305195,4
462.1358576305195,4
462.1358576305195,4
462.1358576305195,4
462.1358576305195,4
462.1358576305195,4
462.1358576305195,4
462.1358576305195,4
456.8033371535574,4
456.8033371535574,4
456.8033371535574,4
456.8033371535574,4
456.8033371535574,4
456.8033371535574,4
456.8033371535574,4
456.8033371535574,4
456.8033371535574,4
456.8033371535574,4
456.8033371535574,4
456.8033371535574,4
456.8033371535574,4
456.8033371535574,4
456.8033371535574,4
456.8033371535574,4
456.8033371535574,4
456.8033371535574,4
456.8033371535574,4
456.8033371535574,4
456.8033371535574,4
456.8033371535574,4
456.8033371535574,4
456.8033371535574,4
456.8033371535574,4
456.8033371535574,4
456.8033371535574,4
456.8033371535574,4
456.8033371535574,4
456.8033371535574,4
456.8033371535574,4
456.8033371535574,4
456.8033371535574,4
424.0627031586345,3
414.8561475429008,3
414.8561475429008,3
414.8561475429008,3
414.8561475429008,3
414.8561475429008,3
414.8561475429008,3
411.02755866718616,3
411.02755866718616,3
411.02755866718616,3
405.7024534146911,3
405.7024534146911,3
405.7024534146911,3
405.7024534146911,3
405.7024534146911,3
405.7024534146911,3
405.7024534146911,3
405.7024534146911,3
405.7024534146911,3
405.7024534146911,3
405.7024534146911,3
405.7024534146911,3
405.7024534146911,3
405.7024534146911,3
405.7024534146911,3
405.7024534146911,3
405.7024534146911,3
405.7024534146911,3
405.7024534146911,3
405.7024534146911,3
405.7024534146911,3
405.7024534146911,3
405.7024534146911,3
405.7024534146911,3
405.7024534146911,3
405.7024534146911,3
405.7024534146911,3
405.7024534146911,3
405.7024534146911,3
405.7024534146911,3
405.7024534146911,3
405.7024534146911,3
405.7024534146911,3
405.7024534146911,3
405.7024534146911,3
405.7024534146911,3
405.7024534146911,3
404.6313856028256,3
404.6313856028256,3
404.6313856028256,3
404.6313856028256,3
404.6313856028256,3
404.6313856028256,3
404.6313856028256,3
402.78808919052665,3
402.78808919052665,3
402.78808919052665,3
400.47939410032524,3
400.47939410032524,3
400.47939410032524,3
400.47939410032524,3
400.47939410032524,3
400.47939410032524,3
400.47939410032524,3
400.47939410032524,3
400.47939410032524,3
400.47939410032524,3
400.47939410032524,3
400.47939410032524,3
400.47939410032524,3
400.47939410032524,3
400.47939410032524,3
400.47939410032524,3
400.47939410032524,3
400.47939410032524,3
398.2540814506384,3
398.2540814506384,3
396.2985039688593,3
396.2985039688593,3
396.2985039688593,3
396.2985039688593,3
396.2985039688593,3
396.2985039688593,3
396.2985039688593,3
396.2985039688593,3
396.2985039688593,3
396.2985039688593,3
396.2985039688593,3
396.2985039688593,3
396.2985039688593,3
396.2985039688593,3
396.2985039688593,3
396.2985039688593,3
396.2985039688593,3
396.2985039688593,3
396.2985039688593,3
396.2985039688593,3
396.2985039688593,3
396.2985039688593,3
396.2985039688593,3
396.2985039688593,3
396.2985039688593,3
396.2985039688593,3
396.2985039688593,3
396.2985039688593,3
396.2985039688593,3
396.2985039688593,3
396.2985039688593,3
396.2985039688593,3
396.2985039688593,3
396.2985039688593,3
396.2985039688593,3
396.2985039688593,3
396.2985039688593,3
396.2985039688593,3
396.2985039688593,3
396.2985039688593,3
396.2985039688593,3
396.2985039688593,3
396.2985039688593,3
396.2985039688593,3
396.2985039688593,3
396.2985039688593,3
396.2985039688593,3
396.2985039688593,3
396.2985039688593,3
396.2985039688593,3
396.2985039688593,3
396.2985039688593,3
396.2985039688593,3
396.2985039688593,3
396.2985039688593,3
396.2985039688593,3
396.2985039688593,3
396.2985039688593,3
396.2985039688593,3
396.2985039688593,3
396.2985039688593,3
396.2985039688593,3
396.2985039688593,3
396.2985039688593,3
396.2985039688593,3
396.2985039688593,3
396.2985039688593,3
396.2985039688593,3
396.2985039688593,3
396.2985039688593,3
396.2985039688593,3
396.2985039688593,3
396.2985039688593,3
396.2985039688593,3
396.2985039688593,3
396.2985039688593,3
396.2985039688593,3
396.2985039688593,3
396.2985039688593,3
396.2985039688593,3
396.2985039688593,3
396.2985039688593,3
396.2985039688593,3
396.2985039688593,3
396.2985039688593,3
396.2985039688593,3
396.2985039688593,3
396.2985039688593,3
396.2985039688593,3
396.2985039688593,3
396.2985039688593,3
396.2985039688593,3
396.2985039688593,3
396.2985039688593,3
396.2985039688593,3
396.2985039688593,3
396.2985039688593,3
396.2985039688593,3
396.2985039688593,3
396.2985039688593,3
396.2985039688593,3
396.2985039688593,3
396.2985039688593,3
396.2985039688593,3
396.2985039688593,3
396.2985039688593,3
396.2985039688593,3
396.2985039688593,3
396.2985039688593,3
396.2985039688593,3
396.2985039688593,3
396.2985039688593,3
396.2985039688593,3
396.2985039688593,3
396.2985039688593,3
396.2985039688593,3
396.2985039688593,3
396.2985039688593,3
396.2985039688593,3
396.2985039688593,3
396.2985039688593,3
396.2985039688593,3
396.2985039688593,3
396.2985039688593,3
396.2985039688593,3
396.2985039688593,3
396.2985039688593,3
396.2985039688593,3
396.2985039688593,3
396.2985039688593,3
396.2985039688593,3
396.2985039688593,3
396.2985039688593,3
396.2985039688593,3
396.2985039688593,3
396.2985039688593,3
396.2985039688593,3
396.2985039688593,3
396.2985039688593,3
396.2985039688593,3
396.2985039688593,3
396.2985039688593,3
396.2985039688593,3
396.2985039688593,3
396.2985039688593,3
396.2985039688593,3
396.2985039688593,3
396.2985039688593,3
396.2985039688593,3
396.2985039688593,3
396.2985039688593,3
396.2985039688593,3
396.2985039688593,3
396.2985039688593,3
396.2985039688593,3
396.2985039688593,3
396.2985039688593,3
396.2985039688593,3
396.2985039688593,3
396.2985039688593,3
396.2985039688593,3
396.2985039688593,3
396.2985039688593,3
396.2985039688593,3
396.2985039688593,3
396.2985039688593,3
396.0923392842073,3
396.0923392842073,3
396.0923392842073,3
396.0923392842073,3
396.0923392842073,3
396.0923392842073,3
396.0923392842073,3
396.0923392842073,3
396.0923392842073,3
396.0923392842073,3
396.0923392842073,3
396.0923392842073,3
396.0923392842073,3
396.0923392842073,3
396.0923392842073,3
396.0923392842073,3
396.0923392842073,3
396.0923392842073,3
396.0923392842073,3
396.0923392842073,3
396.0923392842073,3
396.0923392842073,3
396.0923392842073,3
396.0923392842073,3
396.0923392842073,3
396.0923392842073,3
396.0923392842073,3
396.0923392842073,3
396.0923392842073,3
396.0923392842073,3
396.0923392842073,3
396.0923392842073,3
396.0923392842073,3
396.0923392842073,3
396.0923392842073,3
396.0923392842073,3
396.0923392842073,3
396.0923392842073,3
396.0923392842073,3
396.0923392842073,3
396.0923392842073,3
396.0923392842073,3
396.0923392842073,3
396.0923392842073,3
396.0923392842073,3
396.0923392842073,3
396.0923392842073,3
396.0923392842073,3
396.0923392842073,3
396.0923392842073,3
396.0923392842073,3
396.0923392842073,3
396.0923392842073,3
396.0923392842073,3
396.0923392842073,3
396.0923392842073,3
396.0923392842073,3
396.0923392842073,3
396.0923392842073,3
396.0923392842073,3
396.0923392842073,3
396.0923392842073,3
396.0923392842073,3
396.0923392842073,3
396.0923392842073,3
396.0923392842073,3
396.0923392842073,3
396.0923392842073,3
396.0923392842073,3
396.0923392842073,3
396.0923392842073,3
396.0923392842073,3
396.0923392842073,3
396.0923392842073,3
396.0923392842073,3
396.0923392842073,3
396.0923392842073,3
396.0923392842073,3
396.0923392842073,3
396.0923392842073,3
396.0923392842073,3
396.0923392842073,3
396.0923392842073,3
396.0923392842073,3
396.0923392842073,3
396.0923392842073,3
396.0923392842073,3
396.0923392842073,3
396.0923392842073,3
396.0923392842073,3
396.0923392842073,3
396.0923392842073,3
396.0923392842073,3
396.0923392842073,3
396.0923392842073,3
396.0923392842073,3
396.0923392842073,3
396.0923392842073,3
396.0923392842073,3
396.0923392842073,3
396.0923392842073,3
396.0923392842073,3
396.0923392842073,3
396.0923392842073,3
396.0923392842073,3
396.0923392842073,3
396.0923392842073,3
396.0923392842073,3
396.0923392842073,3
396.0923392842073,3
396.0923392842073,3
396.0923392842073,3
396.0923392842073,3
396.0923392842073,3
396.0923392842073,3
396.0923392842073,3
396.0923392842073,3
396.0923392842073,3
396.0923392842073,3
396.0923392842073,3
396.0923392842073,3
396.0923392842073,3
396.0923392842073,3
396.0923392842073,3
396.0923392842073,3
396.0923392842073,3
396.0923392842073,3
396.0923392842073,3
396.0923392842073,3
396.0923392842073,3
396.0923392842073,3
396.0923392842073,3
396.0923392842073,3
396.0923392842073,3
396.0923392842073,3
396.0923392842073,3
396.0923392842073,3
396.0923392842073,3
396.0923392842073,3
396.0923392842073,3
396.0923392842073,3
389.1916761668258,3
384.0647049515057,3
384.0647049515057,3
384.0647049515057,3
