1886.6570290320385,25
1783.5360094914204,23
1750.5151512043926,23
1712.9528652952704,22
1712.9528652952704,22
1683.6736428144775,21
1676.0161834260334,21
1633.352165801715,20
1569.1555079840477,18
1569.1555079840477,18
1569.1555079840477,18
1569.1555079840477,18
1569.1555079840477,18
1569.1555079840477,18
1546.521173981028,18
1483.5590709381147,17
1483.5590709381147,17
1483.5590709381147,17
1468.5651436848736,15
1426.889031182196,18
1426.889031182196,18
1426.889031182196,18
1426.889031182196,18
1426.889031182196,18
1402.4936194769732,14
1363.076978094486,15
1293.6703906556254,14
1224.155063151987,13
1224.155063151987,13
1224.155063151987,13
1224.155063151987,13
1224.155063151987,13
1181.4728299170358,13
1181.4728299170358,13
1181.4728299170358,13
1181.4728299170358,13
1181.4728299170358,13
1181.4728299170358,13
1181.4728299170358,13
1162.0749535115842,12
1162.0749535115842,12
1151.9686901345963,12
1151.9686901345963,12
1122.579978445905,11
1122.579978445905,11
1122.579978445905,11
1090.0944715380483,10
1090.0944715380483,10
1090.0944715380483,10
1090.0944715380483,10
1090.0944715380483,10
1077.002962689503,9
1077.002962689503,9
1077.002962689503,9
1077.002962689503,9
1077.002962689503,9
1077.002962689503,9
1077.002962689503,9
1067.532228182928,10
1042.9762655080588,9
1036.8523785025823,9
1017.7371455790644,10
1017.7371455790644,10
1017.7371455790644,10
1013.1011772171677,8
990.4093578347386,9
985.8691001183768,9
980.7739528898314,9
967.135217789522,8
929.9403129237925,8
929.9403129237925,8
929.9403129237925,8
929.9403129237925,8
912.2013324012999,8
912.2013324012999,8
912.2013324012999,8
912.2013324012999,8
912.2013324012999,8
912.2013324012999,8
893.4912474326808,8
893.4912474326808,8
873.188612733793,6
873.188612733793,6
873.188612733793,6
873.188612733793,6
873.188612733793,6
873.188612733793,6
873.188612733793,6
873.188612733793,6
873.188612733793,6
857.1213220067344,5
857.1213220067344,5
840.7243831718398,5
836.838509199517,5
836.838509199517,5
835.8672736752131,5
835.8672736752131,5
835.3921349833806,7
829.4974226223554,6
829.4974226223554,6
829.4974226223554,6
770.2368848102052,5
770.2368848102052,5
761.8572662738515,5
761.8572662738515,5
761.8572662738515,5
761.8572662738515,5
753.0352820222938,5
753.0352820222938,5
753.0352820222938,5
753.0352820222938,5
693.0984966372725,5
693.0984966372725,5
693.0984966372725,5
690.2882469613659,5
690.2882469613659,5
690.2882469613659,5
690.2882469613659,5
690.2882469613659,5
690.2882469613659,5
690.2882469613659,5
690.2882469613659,5
690.2882469613659,5
688.9308068470842,5
688.9308068470842,5
688.9308068470842,5
688.9308068470842,5
688.9308068470842,5
688.9308068470842,5
688.9308068470842,5
687.539467524409,5
687.539467524409,5
687.539467524409,5
687.539467524409,5
685.8894879348685,5
676.247883628177,5
643.1853467809063,5
643.1853467809063,5
643.1853467809063,5
643.1853467809063,5
643.1853467809063,5
643.1853467809063,5
643.1853467809063,5
643.1853467809063,5
643.1853467809063,5
643.1853467809063,5
643.1853467809063,5
643.1853467809063,5
643.1853467809063,5
643.1853467809063,5
643.1853467809063,5
643.1853467809063,5
643.1853467809063,5
643.1853467809063,5
643.1853467809063,5
643.1853467809063,5
637.076727768947,5
630.4010344877962,5
630.4010344877962,5
626.3669375744952,5
622.5958530919569,5
617.0332043405319,5
616.0511637708303,5
616.0511637708303,5
616.0511637708303,5
616.0511637708303,5
616.0511637708303,5
616.0511637708303,5
616.0511637708303,5
616.0511637708303,5
616.0511637708303,5
616.0511637708303,5
616.0511637708303,5
609.997451748118,5
609.997451748118,5
601.1272890209655,5
594.0003519402944,5
594.0003519402944,5
594.0003519402944,5
594.0003519402944,5
594.0003519402944,5
594.0003519402944,5
591.4653852312748,5
591.4653852312748,5
591.4653852312748,5
591.4653852312748,5
591.4653852312748,5
591.4653852312748,5
591.4653852312748,5
591.4653852312748,5
591.4653852312748,5
591.4653852312748,5
591.4653852312748,5
591.4653852312748,5
591.4653852312748,5
591.4653852312748,5
591.4653852312748,5
591.4653852312748,5
591.4653852312748,5
591.4653852312748,5
591.4653852312748,5
578.559585307142,5
578.559585307142,5
578.559585307142,5
578.559585307142,5
578.559585307142,5
578.559585307142,5
578.559585307142,5
578.559585307142,5
578.559585307142,5
578.559585307142,5
578.559585307142,5
578.559585307142,5
578.559585307142,5
578.559585307142,5
570.7806543738963,5
569.9607339707835,5
569.9607339707835,5
569.9607339707835,5
568.8007633019058,5
568.8007633019058,5
568.8007633019058,5
566.9239144384455,5
558.4639647647103,5
558.4639647647103,5
557.0552942564967,5
557.0552942564967,5
557.0552942564967,5
555.2003002109187,5
555.2003002109187,5
551.0433130980994,5
521.1464850750406,4
521.1464850750406,4
521.1464850750406,4
521.1464850750406,4
521.1464850750406,4
521.1464850750406,4
521.1464850750406,4
521.1464850750406,4
521.1464850750406,4
521.1464850750406,4
521.1464850750406,4
521.1464850750406,4
521.1464850750406,4
521.1464850750406,4
521.1464850750406,4
521.1464850750406,4
521.1464850750406,4
521.1464850750406,4
521.1464850750406,4
521.1464850750406,4
521.1464850750406,4
521.1464850750406,4
521.1464850750406,4
521.1464850750406,4
493.24372225900623,4
493.24372225900623,4
493.24372225900623,4
493.24372225900623,4
493.24372225900623,4
493.24372225900623,4
493.24372225900623,4
493.24372225900623,4
493.24372225900623,4
493.24372225900623,4
493.24372225900623,4
493.24372225900623,4
493.24372225900623,4
493.24372225900623,4
493.24372225900623,4
493.24372225900623,4
493.24372225900623,4
493.24372225900623,4
493.24372225900623,4
493.24372225900623,4
493.24372225900623,4
493.24372225900623,4
493.24372225900623,4
493.24372225900623,4
493.24372225900623,4
493.24372225900623,4
493.24372225900623,4
493.24372225900623,4
493.24372225900623,4
493.24372225900623,4
493.24372225900623,4
493.24372225900623,4
493.24372225900623,4
493.24372225900623,4
493.24372225900623,4
493.24372225900623,4
493.24372225900623,4
493.24372225900623,4
493.24372225900623,4
493.24372225900623,4
493.24372225900623,4
493.24372225900623,4
493.24372225900623,4
493.24372225900623,4
493.24372225900623,4
493.24372225900623,4
493.24372225900623,4
493.24372225900623,4
493.24372225900623,4
493.24372225900623,4
493.24372225900623,4
493.24372225900623,4
493.24372225900623,4
493.24372225900623,4
493.24372225900623,4
493.24372225900623,4
493.24372225900623,4
493.24372225900623,4
493.24372225900623,4
493.24372225900623,4
493.24372225900623,4
493.24372225900623,4
493.24372225900623,4
493.24372225900623,4
493.24372225900623,4
493.24372225900623,4
493.24372225900623,4
493.24372225900623,4
493.24372225900623,4
493.24372225900623,4
493.24372225900623,4
493.24372225900623,4
493.24372225900623,4
493.24372225900623,4
493.24372225900623,4
493.24372225900623,4
493.24372225900623,4
493.24372225900623,4
493.24372225900623,4
493.24372225900623,4
493.24372225900623,4
493.24372225900623,4
493.24372225900623,4
493.24372225900623,4
493.24372225900623,4
493.24372225900623,4
493.24372225900623,4
493.24372225900623,4
493.24372225900623,4
493.24372225900623,4
493.24372225900623,4
493.24372225900623,4
493.24372225900623,4
493.24372225900623,4
493.24372225900623,4
493.24372225900623,4
493.24372225900623,4
493.24372225900623,4
493.24372225900623,4
493.24372225900623,4
493.24372225900623,4
493.24372225900623,4
493.24372225900623,4
493.24372225900623,4
493.24372225900623,4
493.24372225900623,4
493.24372225900623,4
493.24372225900623,4
493.24372225900623,4
493.24372225900623,4
493.24372225900623,4
493.24372225900623,4
493.24372225900623,4
493.24372225900623,4
493.24372225900623,4
493.24372225900623,4
493.24372225900623,4
493.24372225900623,4
493.24372225900623,4
493.24372225900623,4
493.24372225900623,4
493.24372225900623,4
493.24372225900623,4
493.24372225900623,4
493.24372225900623,4
493.24372225900623,4
493.24372225900623,4
493.24372225900623,4
493.24372225900623,4
493.24372225900623,4
493.24372225900623,4
493.24372225900623,4
493.24372225900623,4
493.24372225900623,4
493.24372225900623,4
493.24372225900623,4
493.24372225900623,4
493.24372225900623,4
493.24372225900623,4
493.24372225900623,4
493.24372225900623,4
493.24372225900623,4
493.24372225900623,4
493.24372225900623,4
493.24372225900623,4
493.24372225900623,4
493.24372225900623,4
493.24372225900623,4
493.24372225900623,4
493.24372225900623,4
493.24372225900623,4
493.24372225900623,4
493.24372225900623,4
493.24372225900623,4
493.24372225900623,4
493.24372225900623,4
493.24372225900623,4
493.24372225900623,4
493.24372225900623,4
493.24372225900623,4
493.24372225900623,4
493.24372225900623,4
493.24372225900623,4
493.24372225900623,4
493.24372225900623,4
493.24372225900623,4
493.24372225900623,4
493.24372225900623,4
493.24372225900623,4
493.24372225900623,4
493.24372225900623,4
493.24372225900623,4
493.24372225900623,4
493.24372225900623,4
493.24372225900623,4
493.24372225900623,4
493.24372225900623,4
493.24372225900623,4
493.24372225900623,4
493.24372225900623,4
493.24372225900623,4
493.24372225900623,4
493.24372225900623,4
493.24372225900623,4
493.24372225900623,4
493.24372225900623,4
493.24372225900623,4
493.24372225900623,4
493.24372225900623,4
493.24372225900623,4
493.24372225900623,4
493.24372225900623,4
493.24372225900623,4
493.24372225900623,4
493.24372225900623,4
493.24372225900623,4
493.24372225900623,4
493.24372225900623,4
493.24372225900623,4
493.24372225900623,4
493.24372225900623,4
493.24372225900623,4
493.24372225900623,4
493.24372225900623,4
493.24372225900623,4
493.24372225900623,4
493.24372225900623,4
493.24372225900623,4
493.24372225900623,4
493.24372225900623,4
493.24372225900623,4
493.24372225900623,4
493.24372225900623,4
493.24372225900623,4
493.24372225900623,4
493.24372225900623,4
493.24372225900623,4
493.24372225900623,4
493.24372225900623,4
493.24372225900623,4
493.24372225900623,4
493.24372225900623,4
493.24372225900623,4
493.24372225900623,4
493.24372225900623,4
493.24372225900623,4
493.24372225900623,4
493.24372225900623,4
493.24372225900623,4
493.24372225900623,4
493.24372225900623,4
493.24372225900623,4
493.24372225900623,4
493.24372225900623,4
493.24372225900623,4
493.24372225900623,4
493.24372225900623,4
493.24372225900623,4
493.24372225900623,4
493.24372225900623,4
493.24372225900623,4
493.24372225900623,4
493.24372225900623,4
493.24372225900623,4
493.24372225900623,4
493.24372225900623,4
493.24372225900623,4
493.24372225900623,4
493.24372225900623,4
493.24372225900623,4
493.24372225900623,4
493.24372225900623,4
493.24372225900623,4
493.24372225900623,4
493.24372225900623,4
493.24372225900623,4
493.24372225900623,4
493.24372225900623,4
493.24372225900623,4
493.24372225900623,4
493.24372225900623,4
493.24372225900623,4
493.24372225900623,4
493.24372225900623,4
493.24372225900623,4
493.24372225900623,4
493.24372225900623,4
493.24372225900623,4
493.24372225900623,4
493.24372225900623,4
493.24372225900623,4
493.24372225900623,4
493.24372225900623,4
493.24372225900623,4
493.24372225900623,4
493.24372225900623,4
493.24372225900623,4
493.24372225900623,4
493.24372225900623,4
493.24372225900623,4
493.24372225900623,4
493.24372225900623,4
493.24372225900623,4
493.24372225900623,4
493.24372225900623,4
493.24372225900623,4
493.24372225900623,4
493.24372225900623,4
493.24372225900623,4
493.24372225900623,4
493.24372225900623,4
493.24372225900623,4
493.24372225900623,4
493.24372225900623,4
493.24372225900623,4
493.24372225900623,4
493.24372225900623,4
493.24372225900623,4
493.24372225900623,4
493.24372225900623,4
493.24372225900623,4
493.24372225900623,4
493.24372225900623,4
493.24372225900623,4
493.24372225900623,4
493.24372225900623,4
493.24372225900623,4
493.24372225900623,4
493.24372225900623,4
493.24372225900623,4
493.24372225900623,4
493.24372225900623,4
482.29830058550726,4
482.29830058550726,4
482.29830058550726,4
482.29830058550726,4
479.35021116252346,4
479.35021116252346,4
479.35021116252346,4
479.35021116252346,4
479.35021116252346,4
479.35021116252346,4
479.35021116252346,4
479.35021116252346,4
479.35021116252346,4
479.35021116252346,4
479.35021116252346,4
473.18575927733343,4
473.18575927733343,4
473.18575927733343,4
473.18575927733343,4
473.18575927733343,4
473.18575927733343,4
473.18575927733343,4
473.18575927733343,4
473.18575927733343,4
473.18575927733343,4
473.18575927733343,4
473.18575927733343,4
473.18575927733343,4
473.18575927733343,4
473.18575927733343,4
473.18575927733343,4
473.18575927733343,4
473.18575927733343,4
473.18575927733343,4
473.18575927733343,4
473.18575927733343,4
473.18575927733343,4
473.18575927733343,4
473.18575927733343,4
473.18575927733343,4
473.18575927733343,4
473.18575927733343,4
473.18575927733343,4
473.18575927733343,4
473.18575927733343,4
473.18575927733343,4
473.18575927733343,4
473.18575927733343,4
473.18575927733343,4
473.18575927733343,4
473.18575927733343,4
473.18575927733343,4
473.18575927733343,4
473.18575927733343,4
473.18575927733343,4
450.3387802193355,3
450.3387802193355,3
450.3387802193355,3
450.3387802193355,3
450.3387802193355,3
450.3387802193355,3
450.3387802193355,3
450.3387802193355,3
450.3387802193355,3
450.3387802193355,3
450.3387802193355,3
450.3387802193355,3
450.3387802193355,3
450.3387802193355,3
450.3387802193355,3
450.3387802193355,3
450.3387802193355,3
450.3387802193355,3
450.3387802193355,3
450.3387802193355,3
450.3387802193355,3
450.3387802193355,3
450.3387802193355,3
450.3387802193355,3
450.3387802193355,3
450.3387802193355,3
450.3387802193355,3
450.3387802193355,3
450.3387802193355,3
450.3387802193355,3
450.3387802193355,3
450.3387802193355,3
450.3387802193355,3
450.3387802193355,3
450.3387802193355,3
450.3387802193355,3
450.3387802193355,3
450.3387802193355,3
450.3387802193355,3
450.3387802193355,3
450.3387802193355,3
450.3387802193355,3
450.3387802193355,3
450.3387802193355,3
450.3387802193355,3
450.3387802193355,3
450.3387802193355,3
450.3387802193355,3
450.3387802193355,3
450.3387802193355,3
450.3387802193355,3
450.3387802193355,3
450.3387802193355,3
450.3387802193355,3
450.3387802193355,3
450.3387802193355,3
450.3387802193355,3
450.3387802193355,3
450.3387802193355,3
450.3387802193355,3
450.3387802193355,3
450.3387802193355,3
450.3387802193355,3
450.3387802193355,3
450.3387802193355,3
450.3387802193355,3
450.3387802193355,3
450.3387802193355,3
450.3387802193355,3
450.3387802193355,3
450.3387802193355,3
450.3387802193355,3
450.3387802193355,3
450.3387802193355,3
450.3387802193355,3
450.3387802193355,3
450.3387802193355,3
450.3387802193355,3
450.3387802193355,3
450.3387802193355,3
450.3387802193355,3
450.3387802193355,3
450.3387802193355,3
450.3387802193355,3
450.3387802193355,3
450.3387802193355,3
450.3387802193355,3
450.3387802193355,3
450.3387802193355,3
450.3387802193355,3
450.3387802193355,3
450.3387802193355,3
450.3387802193355,3
450.3387802193355,3
450.3387802193355,3
450.3387802193355,3
450.3387802193355,3
450.3387802193355,3
450.3387802193355,3
450.3387802193355,3
450.3387802193355,3
450.3387802193355,3
450.3387802193355,3
450.3387802193355,3
450.3387802193355,3
450.3387802193355,3
450.3387802193355,3
450.3387802193355,3
450.3387802193355,3
450.3387802193355,3
450.3387802193355,3
450.3387802193355,3
450.3387802193355,3
450.3387802193355,3
450.3387802193355,3
450.3387802193355,3
450.3387802193355,3
450.3387802193355,3
450.3387802193355,3
450.3387802193355,3
450.3387802193355,3
450.3387802193355,3
450.3387802193355,3
450.3387802193355,3
450.3387802193355,3
450.3387802193355,3
450.3387802193355,3
450.3387802193355,3
450.3387802193355,3
450.3387802193355,3
450.3387802193355,3
450.3387802193355,3
450.3387802193355,3
450.3387802193355,3
450.3387802193355,3
450.3387802193355,3
450.3387802193355,3
450.3387802193355,3
450.3387802193355,3
450.3387802193355,3
450.3387802193355,3
450.3387802193355,3
450.3387802193355,3
450.3387802193355,3
450.3387802193355,3
450.3387802193355,3
450.3387802193355,3
450.3387802193355,3
450.3387802193355,3
450.3387802193355,3
450.3387802193355,3
447.4620645332608,3
447.4620645332608,3
447.4620645332608,3
447.4620645332608,3
447.4620645332608,3
447.4620645332608,3
447.4620645332608,3
447.4620645332608,3
447.4620645332608,3
447.4620645332608,3
447.4620645332608,3
447.4620645332608,3
447.4620645332608,3
447.4620645332608,3
447.4620645332608,3
447.4620645332608,3
447.4620645332608,3
447.4620645332608,3
447.4620645332608,3
447.4620645332608,3
447.4620645332608,3
447.4620645332608,3
447.4620645332608,3
447.4620645332608,3
447.4620645332608,3
447.4620645332608,3
447.4620645332608,3
447.4620645332608,3
447.4620645332608,3
447.4620645332608,3
447.4620645332608,3
447.4620645332608,3
447.4620645332608,3
447.4620645332608,3
447.4620645332608,3
447.4620645332608,3
447.4620645332608,3
447.4620645332608,3
447.4620645332608,3
447.4620645332608,3
447.4620645332608,3
447.4620645332608,3
447.4620645332608,3
447.4620645332608,3
447.4620645332608,3
447.4620645332608,3
447.4620645332608,3
447.4620645332608,3
447.4620645332608,3
447.4620645332608,3
447.4620645332608,3
447.4620645332608,3
447.4620645332608,3
447.4620645332608,3
446.15188516849264,3
446.15188516849264,3
446.15188516849264,3
446.15188516849264,3
446.15188516849264,3
446.15188516849264,3
446.15188516849264,3
446.15188516849264,3
446.15188516849264,3
446.15188516849264,3
446.15188516849264,3
446.15188516849264,3
446.15188516849264,3
446.15188516849264,3
446.15188516849264,3
446.15188516849264,3
446.15188516849264,3
446.15188516849264,3
446.15188516849264,3
446.15188516849264,3
446.15188516849264,3
446.15188516849264,3
446.15188516849264,3
446.15188516849264,3
446.15188516849264,3
446.15188516849264,3
446.15188516849264,3
446.15188516849264,3
446.15188516849264,3
446.15188516849264,3
446.15188516849264,3
446.15188516849264,3
446.15188516849264,3
446.15188516849264,3
446.15188516849264,3
446.15188516849264,3
446.15188516849264,3
446.15188516849264,3
446.15188516849264,3
446.15188516849264,3
446.15188516849264,3
446.15188516849264,3
446.15188516849264,3
446.15188516849264,3
446.15188516849264,3
446.15188516849264,3
446.15188516849264,3
446.15188516849264,3
446.15188516849264,3
446.15188516849264,3
446.15188516849264,3
446.15188516849264,3
446.15188516849264,3
446.15188516849264,3
446.15188516849264,3
446.15188516849264,3
446.15188516849264,3
446.15188516849264,3
446.15188516849264,3
446.15188516849264,3
446.15188516849264,3
446.15188516849264,3
446.15188516849264,3
446.15188516849264,3
446.15188516849264,3
446.15188516849264,3
446.15188516849264,3
446.15188516849264,3
446.15188516849264,3
446.15188516849264,3
446.15188516849264,3
446.15188516849264,3
446.15188516849264,3
446.15188516849264,3
446.15188516849264,3
446.15188516849264,3
446.15188516849264,3
446.15188516849264,3
446.15188516849264,3
446.15188516849264,3
446.15188516849264,3
446.15188516849264,3
446.15188516849264,3
446.15188516849264,3
446.15188516849264,3
446.15188516849264,3
446.15188516849264,3
446.15188516849264,3
446.15188516849264,3
446.15188516849264,3
446.15188516849264,3
446.15188516849264,3
446.15188516849264,3
446.15188516849264,3
446.15188516849264,3
446.15188516849264,3
446.15188516849264,3
446.15188516849264,3
446.15188516849264,3
446.15188516849264,3
446.15188516849264,3
446.15188516849264,3
446.15188516849264,3
446.15188516849264,3
446.15188516849264,3
446.15188516849264,3
446.15188516849264,3
446.15188516849264,3
446.15188516849264,3
446.15188516849264,3
446.15188516849264,3
446.15188516849264,3
446.15188516849264,3
446.15188516849264,3
446.15188516849264,3
446.15188516849264,3
446.15188516849264,3
446.15188516849264,3
446.15188516849264,3
446.15188516849264,3
446.15188516849264,3
446.15188516849264,3
446.15188516849264,3
446.15188516849264,3
446.15188516849264,3
446.15188516849264,3
446.15188516849264,3
446.15188516849264,3
446.15188516849264,3
446.15188516849264,3
446.15188516849264,3
446.15188516849264,3
446.15188516849264,3
446.15188516849264,3
446.15188516849264,3
446.15188516849264,3
415.8434479871615,3
409.0731183728925,3
409.0731183728925,3
409.0731183728925,3
409.0731183728925,3
409.0731183728925,3
404.9051140256661,3
404.9051140256661,3
404.9051140256661,3
402.1328944024137,3
402.1328944024137,3
402.1328944024137,3
402.1328944024137,3
402.1328944024137,3
402.1328944024137,3
402.1328944024137,3
402.1328944024137,3
402.1328944024137,3
402.1328944024137,3
402.1328944024137,3
402.1328944024137,3
402.1328944024137,3
402.1328944024137,3
402.1328944024137,3
402.1328944024137,3
402.1328944024137,3
402.1328944024137,3
402.1328944024137,3
402.1328944024137,3
402.1328944024137,3
402.1328944024137,3
399.3306686023879,3
399.3306686023879,3
399.3306686023879,3
399.3306686023879,3
399.3306686023879,3
399.3306686023879,3
