pop_size: 100
num_of_iterations: 1000
ratio_keep_best: 0
ratio_replace_worst: 0
ratio_generate_new: 0
{'fitness': 477.20416395097334, 'affinity': 0.0020955391330213483, 'distance': 477.20416395097334, 'vehicles': 4, 'path': [0, 23, 21, 18, 19, 20, 0, 6, 8, 7, 22, 24, 25, 0, 2, 5, 3, 1, 4, 0, 14, 12, 16, 15, 11, 9, 10, 13, 17, 0], 'pick_chance': 0.0058631994008139735}
{'fitness': 421.51283172403816, 'affinity': 0.002372407017622405,  'distance': 421.51283172403816, 'vehicles': 3, 'path': [0, 14, 12, 16, 15, 11, 6, 8, 7, 9, 10, 13, 17, 0, 21, 23, 18, 19, 22, 20, 24, 25, 0, 2, 5, 3, 1, 4, 0], 'pick_chance': 0.006071724528214468}
{'fitness': 365.1230394819628, 'affinity': 0.002738802792118519,   'distance': 365.1230394819628,  'vehicles': 3, 'path': [0, 14, 12, 11, 16, 15, 9, 10, 13, 17, 0, 23, 21, 18, 19, 22, 20, 24, 25, 0, 2, 5, 8, 6, 7, 3, 1, 4, 0], 'pick_chance': 0.0061060280023770685}
{'fitness': 362.57626180473113, 'affinity': 0.0027580404602951074, 'distance': 362.57626180473113, 'vehicles': 3, 'path': [0, 2, 5, 6, 7, 8, 3, 1, 4, 0, 14, 12, 15, 16, 11, 9, 10, 13, 17, 0, 23, 21, 18, 19, 22, 20, 24, 25, 0], 'pick_chance': 0.006083720156896958}
{'fitness': 485.24665310287037, 'affinity': 0.0020608076193943453, 'distance': 485.24665310287037, 'vehicles': 3, 'path': [0, 14, 16, 15, 11, 12, 6, 7, 8, 3, 1, 4, 0, 5, 2, 22, 20, 24, 25, 0, 23, 21, 18, 19, 9, 10, 13, 17, 0], 'pick_chance': 0.005806959077113515}
{'fitness': 428.8650109784112, 'affinity': 0.0023317360344193233,  'distance': 428.8650109784112,  'vehicles': 3, 'path': [0, 2, 5, 6, 7, 9, 10, 13, 17, 0, 19, 23, 21, 18, 22, 20, 24, 25, 0, 14, 16, 15, 11, 12, 8, 3, 1, 4, 0], 'pick_chance': 0.006118601135997446}
{'fitness': 376.67362117687253, 'affinity': 0.0026548182399277584, 'distance': 376.67362117687253, 'vehicles': 3, 'path': [0, 2, 5, 6, 7, 8, 3, 1, 4, 0, 21, 23, 18, 19, 22, 20, 24, 25, 0, 14, 15, 12, 16, 11, 9, 10, 17, 13, 0], 'pick_chance': 0.006355564752046583}
{'fitness': 361.2410263927873, 'affinity': 0.0027682348541238845,  'distance': 361.2410263927873,  'vehicles': 3, 'path': [0, 14, 12, 16, 15, 11, 9, 10, 13, 17, 0, 23, 21, 18, 19, 22, 20, 24, 25, 0, 2, 5, 8, 7, 6, 3, 1, 4, 0], 'pick_chance': 0.005840610712247047}
{'fitness': 435.1153107687313, 'affinity': 0.0022982413517770033,  'distance': 435.1153107687313,  'vehicles': 4, 'path': [0, 20, 24, 25, 0, 2, 5, 8, 7, 6, 3, 4, 1, 0, 19, 23, 21, 18, 22, 0, 14, 12, 16, 15, 11, 9, 10, 13, 17, 0], 'pick_chance': 0.006145233152256026}
{'fitness': 399.3306686023879, 'affinity': 0.002504190333038749,   'distance': 399.3306686023879,  'vehicles': 3, 'path': [0, 12, 15, 16, 11, 9, 10, 17, 13, 0, 23, 21, 18, 19, 22, 20, 24, 25, 0, 14, 2, 5, 7, 6, 8, 3, 1, 4, 0], 'pick_chance': 0.0059434028742600025}
{'fitness': 463.9052468739337, 'affinity': 0.0021556126099857415,  'distance': 463.9052468739337,  'vehicles': 3, 'path': [0, 5, 2, 11, 9, 10, 17, 13, 24, 0, 19, 23, 21, 18, 22, 20, 25, 0, 14, 16, 15, 12, 7, 6, 8, 3, 1, 4, 0], 'pick_chance': 0.005838727386273719}
{'fitness': 384.0647049515057, 'affinity': 0.002603727932058391,   'distance': 384.0647049515057,  'vehicles': 3, 'path': [0, 14, 12, 11, 15, 16, 9, 10, 13, 17, 0, 19, 21, 23, 22, 18, 20, 24, 25, 0, 2, 5, 8, 6, 7, 3, 4, 1, 0], 'pick_chance': 0.006364918663381023}
{'fitness': 394.68366877599385, 'affinity': 0.0025336746339194457, 'distance': 394.68366877599385, 'vehicles': 3, 'path': [0, 2, 5, 8, 7, 6, 3, 1, 4, 0, 23, 21, 18, 19, 22, 20, 0, 14, 12, 16, 15, 11, 9, 10, 17, 13, 24, 25, 0], 'pick_chance': 0.005703689178543012}
{'fitness': 361.2410263927873, 'affinity': 0.0027682348541238845,  'distance': 361.2410263927873,  'vehicles': 3, 'path': [0, 23, 21, 18, 19, 22, 20, 24, 25, 0, 14, 12, 16, 15, 11, 9, 10, 13, 17, 0, 2, 5, 8, 7, 6, 3, 1, 4, 0], 'pick_chance': 0.005769936280885432}
{'fitness': 433.9083107629971, 'affinity': 0.0023046343552202784,  'distance': 433.9083107629971,  'vehicles': 3, 'path': [0, 2, 5, 9, 10, 17, 13, 0, 19, 21, 23, 18, 22, 20, 24, 25, 0, 14, 15, 16, 11, 12, 7, 6, 8, 3, 1, 4, 0], 'pick_chance': 0.006223217800050307}
{'fitness': 431.08806328895395, 'affinity': 0.002319711643998155,  'distance': 431.08806328895395, 'vehicles': 3, 'path': [0, 2, 5, 7, 6, 9, 10, 13, 17, 0, 19, 23, 21, 18, 22, 20, 24, 25, 0, 14, 15, 16, 11, 12, 8, 3, 1, 4, 0], 'pick_chance': 0.005801138645141856}
{'fitness': 361.61729493663734, 'affinity': 0.0027653544617527773, 'distance': 361.61729493663734, 'vehicles': 3, 'path': [0, 23, 21, 18, 19, 22, 20, 24, 25, 0, 2, 5, 8, 7, 6, 3, 1, 4, 0, 14, 12, 15, 16, 11, 9, 10, 13, 17, 0], 'pick_chance': 0.0059439750621827075}
{'fitness': 416.8875715315189, 'affinity': 0.002398728262217802,   'distance': 416.8875715315189,  'vehicles': 4, 'path': [0, 23, 21, 18, 19, 22, 20, 24, 25, 0, 2, 5, 3, 1, 4, 0, 6, 8, 7, 0, 14, 12, 16, 15, 11, 9, 10, 13, 17, 0], 'pick_chance': 0.006254413033778867}
{'fitness': 361.2410263927873, 'affinity': 0.0027682348541238845,  'distance': 361.2410263927873,  'vehicles': 3, 'path': [0, 14, 12, 16, 15, 11, 9, 10, 13, 17, 0, 23, 21, 18, 19, 22, 20, 24, 25, 0, 2, 5, 8, 7, 6, 3, 1, 4, 0], 'pick_chance': 0.0060261634798677985}
{'fitness': 430.27551835219504, 'affinity': 0.0023240922556543556, 'distance': 430.27551835219504, 'vehicles': 3, 'path': [0, 19, 23, 21, 18, 22, 20, 24, 25, 0, 14, 16, 15, 11, 12, 6, 7, 8, 3, 1, 4, 0, 2, 5, 9, 10, 13, 17, 0], 'pick_chance': 0.005757861383310408}
