1275.0360041685806,25
1173.4566168409194,23
1173.4566168409194,23
1145.6302756588145,21
1145.6302756588145,21
1104.328524040151,20
1104.328524040151,20
1097.723156626606,20
1091.4535111957453,20
1005.2109286852474,18
1005.2109286852474,18
1005.2109286852474,18
964.0932572398095,15
952.5512871145042,18
952.5512871145042,18
952.5512871145042,18
952.5512871145042,18
952.5512871145042,18
929.7383440675045,17
929.7383440675045,17
869.2524838263708,14
869.2524838263708,14
850.0442079132325,13
850.0442079132325,13
849.2533460267207,12
847.5462608872556,12
822.7796225107762,12
796.096330770671,12
796.096330770671,12
796.096330770671,12
796.096330770671,12
796.096330770671,12
796.096330770671,12
796.096330770671,12
796.096330770671,12
784.6822021941214,12
784.6822021941214,12
784.6822021941214,12
784.6822021941214,12
784.6822021941214,12
784.6822021941214,12
784.6822021941214,12
769.5491095914235,11
757.960870776734,11
746.4569706499335,10
734.7682324175196,9
707.1666619094608,9
707.1666619094608,9
670.3550983215956,9
666.7551380978407,8
666.7551380978407,8
627.6143124413028,9
627.6143124413028,9
627.6143124413028,9
627.6143124413028,9
627.6143124413028,9
627.6143124413028,9
616.1100314929809,8
616.1100314929809,8
616.1100314929809,8
611.6808338559501,7
577.3636949050324,6
577.3636949050324,6
577.3636949050324,6
577.3636949050324,6
577.3636949050324,6
577.3636949050324,6
577.3636949050324,6
577.3636949050324,6
577.3636949050324,6
577.3636949050324,6
577.3636949050324,6
577.3636949050324,6
577.3636949050324,6
577.3636949050324,6
577.3636949050324,6
577.3636949050324,6
577.3636949050324,6
552.3043681717694,6
552.3043681717694,6
552.3043681717694,6
552.3043681717694,6
552.3043681717694,6
552.3043681717694,6
549.0318841118116,6
546.8691207509258,7
541.2535926228376,6
541.2535926228376,6
524.5879242151539,6
524.5879242151539,6
524.5879242151539,6
524.5879242151539,6
524.5879242151539,6
524.5879242151539,6
524.5879242151539,6
524.5879242151539,6
524.5879242151539,6
524.5879242151539,6
524.5879242151539,6
524.5879242151539,6
524.5879242151539,6
524.5879242151539,6
524.5879242151539,6
524.5879242151539,6
524.5879242151539,6
524.5879242151539,6
524.5879242151539,6
524.5879242151539,6
524.5879242151539,6
524.5879242151539,6
524.5879242151539,6
524.5879242151539,6
524.5879242151539,6
524.5879242151539,6
524.5879242151539,6
524.5879242151539,6
524.5879242151539,6
524.5879242151539,6
524.5879242151539,6
524.5879242151539,6
524.5879242151539,6
524.5879242151539,6
524.5879242151539,6
524.5879242151539,6
524.5879242151539,6
524.5879242151539,6
524.5879242151539,6
524.5879242151539,6
524.5879242151539,6
524.5879242151539,6
524.5879242151539,6
524.5879242151539,6
524.5879242151539,6
524.5879242151539,6
524.5879242151539,6
524.5879242151539,6
524.5879242151539,6
524.5879242151539,6
524.5879242151539,6
524.5879242151539,6
524.5879242151539,6
524.5879242151539,6
524.5879242151539,6
524.5879242151539,6
524.5879242151539,6
524.5879242151539,6
524.5879242151539,6
524.5879242151539,6
524.5879242151539,6
519.1796154433662,5
519.1796154433662,5
519.1796154433662,5
519.1796154433662,5
517.5739411549883,5
517.5739411549883,5
517.5739411549883,5
517.5739411549883,5
503.9901510950472,5
503.9901510950472,5
503.9901510950472,5
503.9901510950472,5
503.9901510950472,5
503.9901510950472,5
503.9901510950472,5
503.9901510950472,5
503.9901510950472,5
496.82630236524466,5
496.82630236524466,5
496.82630236524466,5
496.82630236524466,5
496.82630236524466,5
494.2710902611861,5
473.3171902588577,5
473.3171902588577,5
473.3171902588577,5
473.3171902588577,5
473.3171902588577,5
473.3171902588577,5
473.3171902588577,5
473.3171902588577,5
473.3171902588577,5
473.3171902588577,5
473.3171902588577,5
473.3171902588577,5
473.3171902588577,5
473.3171902588577,5
473.3171902588577,5
473.3171902588577,5
473.3171902588577,5
473.3171902588577,5
473.3171902588577,5
473.3171902588577,5
473.3171902588577,5
473.3171902588577,5
473.3171902588577,5
473.3171902588577,5
473.3171902588577,5
473.3171902588577,5
473.3171902588577,5
473.3171902588577,5
473.3171902588577,5
457.1498638723752,5
457.1498638723752,5
457.1498638723752,5
457.1498638723752,5
457.1498638723752,5
457.1498638723752,5
457.1498638723752,5
457.1498638723752,5
457.1498638723752,5
457.1498638723752,5
457.1498638723752,5
454.42473341334,5
454.42473341334,5
454.42473341334,5
454.42473341334,5
440.6113921085847,5
440.6113921085847,5
440.6113921085847,5
430.65871891487393,5
430.65871891487393,5
430.65871891487393,5
430.65871891487393,5
430.65871891487393,5
430.65871891487393,5
430.65871891487393,5
430.65871891487393,5
423.2455196006522,5
423.2455196006522,5
423.2455196006522,5
423.2455196006522,5
423.2455196006522,5
423.2455196006522,5
423.2455196006522,5
423.2455196006522,5
423.2455196006522,5
423.2455196006522,5
423.2455196006522,5
423.2455196006522,5
423.2455196006522,5
423.2455196006522,5
423.2455196006522,5
423.2455196006522,5
423.2455196006522,5
423.2455196006522,5
423.2455196006522,5
423.2455196006522,5
423.2455196006522,5
423.2455196006522,5
423.2455196006522,5
423.2455196006522,5
423.2455196006522,5
423.2455196006522,5
423.2455196006522,5
423.2455196006522,5
423.2455196006522,5
423.2455196006522,5
423.2455196006522,5
423.2455196006522,5
423.2455196006522,5
423.2455196006522,5
423.2455196006522,5
423.2455196006522,5
423.2455196006522,5
423.2455196006522,5
423.2455196006522,5
423.2455196006522,5
423.2455196006522,5
423.2455196006522,5
423.2455196006522,5
423.2455196006522,5
423.2455196006522,5
423.2455196006522,5
423.2455196006522,5
423.2455196006522,5
423.2455196006522,5
423.2455196006522,5
423.2455196006522,5
423.2455196006522,5
423.2455196006522,5
423.2455196006522,5
423.2455196006522,5
423.2455196006522,5
423.2455196006522,5
423.2455196006522,5
423.2455196006522,5
423.2455196006522,5
423.2455196006522,5
423.2455196006522,5
423.2455196006522,5
423.2455196006522,5
423.2455196006522,5
423.2455196006522,5
423.2455196006522,5
423.2455196006522,5
423.2455196006522,5
423.2455196006522,5
416.29725246161854,3
416.29725246161854,3
416.29725246161854,3
416.29725246161854,3
416.29725246161854,3
416.29725246161854,3
416.29725246161854,3
416.29725246161854,3
416.29725246161854,3
416.29725246161854,3
416.29725246161854,3
416.29725246161854,3
416.29725246161854,3
416.29725246161854,3
416.29725246161854,3
416.29725246161854,3
416.29725246161854,3
414.11810580378807,4
414.11810580378807,4
414.11810580378807,4
414.11810580378807,4
414.11810580378807,4
414.11810580378807,4
388.09441588662213,3
388.09441588662213,3
388.09441588662213,3
388.09441588662213,3
388.09441588662213,3
380.7282006584054,3
380.7282006584054,3
380.7282006584054,3
380.7282006584054,3
380.7282006584054,3
380.7282006584054,3
380.7282006584054,3
380.7282006584054,3
380.7282006584054,3
380.7282006584054,3
380.7282006584054,3
380.7282006584054,3
380.7282006584054,3
380.7282006584054,3
380.7282006584054,3
380.7282006584054,3
380.7282006584054,3
380.7282006584054,3
380.7282006584054,3
380.7282006584054,3
380.7282006584054,3
380.7282006584054,3
380.7282006584054,3
380.7282006584054,3
380.7282006584054,3
380.7282006584054,3
380.7282006584054,3
380.7282006584054,3
380.7282006584054,3
380.7282006584054,3
380.7282006584054,3
380.7282006584054,3
380.7282006584054,3
380.7282006584054,3
380.7282006584054,3
380.7282006584054,3
380.7282006584054,3
380.7282006584054,3
380.7282006584054,3
380.7282006584054,3
380.7282006584054,3
380.7282006584054,3
380.7282006584054,3
380.7282006584054,3
380.7282006584054,3
380.7282006584054,3
380.7282006584054,3
380.7282006584054,3
380.7282006584054,3
380.7282006584054,3
380.7282006584054,3
380.7282006584054,3
380.7282006584054,3
380.7282006584054,3
380.7282006584054,3
380.7282006584054,3
380.7282006584054,3
380.7282006584054,3
380.7282006584054,3
380.7282006584054,3
380.7282006584054,3
380.7282006584054,3
380.7282006584054,3
380.7282006584054,3
380.7282006584054,3
380.7282006584054,3
380.7282006584054,3
380.7282006584054,3
380.7282006584054,3
380.7282006584054,3
380.7282006584054,3
380.7282006584054,3
380.7282006584054,3
380.7282006584054,3
380.7282006584054,3
380.7282006584054,3
380.7282006584054,3
380.7282006584054,3
380.7282006584054,3
380.7282006584054,3
380.7282006584054,3
380.7282006584054,3
380.7282006584054,3
380.7282006584054,3
380.7282006584054,3
380.7282006584054,3
380.7282006584054,3
380.7282006584054,3
380.7282006584054,3
380.7282006584054,3
380.7282006584054,3
380.7282006584054,3
380.7282006584054,3
380.7282006584054,3
380.7282006584054,3
380.7282006584054,3
380.7282006584054,3
380.7282006584054,3
380.7282006584054,3
380.7282006584054,3
380.7282006584054,3
380.7282006584054,3
380.7282006584054,3
380.7282006584054,3
380.7282006584054,3
380.7282006584054,3
380.7282006584054,3
380.7282006584054,3
380.7282006584054,3
380.7282006584054,3
380.7282006584054,3
380.7282006584054,3
380.7282006584054,3
380.7282006584054,3
380.7282006584054,3
380.7282006584054,3
370.6535542461694,3
370.6535542461694,3
365.85090695622284,3
363.53955472840516,3
363.53955472840516,3
363.53955472840516,3
363.53955472840516,3
363.53955472840516,3
363.53955472840516,3
363.53955472840516,3
363.53955472840516,3
355.997156043628,3
355.0711366891162,3
355.0711366891162,3
354.7029974895281,3
354.7029974895281,3
354.7029974895281,3
354.7029974895281,3
354.7029974895281,3
354.7029974895281,3
354.7029974895281,3
354.7029974895281,3
354.7029974895281,3
354.7029974895281,3
354.7029974895281,3
354.7029974895281,3
354.7029974895281,3
354.7029974895281,3
354.7029974895281,3
354.7029974895281,3
354.7029974895281,3
354.7029974895281,3
354.7029974895281,3
354.7029974895281,3
354.7029974895281,3
354.7029974895281,3
354.7029974895281,3
354.7029974895281,3
354.7029974895281,3
354.7029974895281,3
354.7029974895281,3
354.7029974895281,3
354.7029974895281,3
354.7029974895281,3
354.12199246788344,3
354.12199246788344,3
354.12199246788344,3
354.12199246788344,3
354.12199246788344,3
354.12199246788344,3
354.12199246788344,3
354.12199246788344,3
354.12199246788344,3
354.12199246788344,3
354.12199246788344,3
350.2570444780532,3
350.2570444780532,3
350.2570444780532,3
350.2570444780532,3
350.2570444780532,3
350.2570444780532,3
350.2570444780532,3
350.2570444780532,3
350.2570444780532,3
350.2570444780532,3
350.2570444780532,3
347.93817427994,3
347.93817427994,3
342.3984297413004,3
342.3984297413004,3
342.3984297413004,3
342.3984297413004,3
342.3984297413004,3
342.3984297413004,3
342.3984297413004,3
342.3984297413004,3
342.3984297413004,3
342.3984297413004,3
342.3984297413004,3
342.3984297413004,3
342.3984297413004,3
342.3984297413004,3
342.3984297413004,3
342.3984297413004,3
342.3984297413004,3
341.52798341194546,3
341.52798341194546,3
341.52798341194546,3
341.52798341194546,3
341.52798341194546,3
341.52798341194546,3
341.52798341194546,3
341.52798341194546,3
339.6762396504832,3
339.289359045479,3
338.0070849987981,3
338.0070849987981,3
338.0070849987981,3
338.0070849987981,3
338.0070849987981,3
338.0070849987981,3
337.3445240089452,3
337.3445240089452,3
337.3445240089452,3
337.3445240089452,3
337.3445240089452,3
337.3445240089452,3
337.3445240089452,3
337.3445240089452,3
337.3445240089452,3
337.3445240089452,3
337.3445240089452,3
337.3445240089452,3
337.3445240089452,3
337.3445240089452,3
337.3445240089452,3
337.3445240089452,3
337.3445240089452,3
337.3445240089452,3
337.3445240089452,3
337.3445240089452,3
337.3445240089452,3
337.3445240089452,3
337.3445240089452,3
337.3445240089452,3
337.3445240089452,3
322.58337223415623,3
322.58337223415623,3
322.58337223415623,3
322.58337223415623,3
322.58337223415623,3
322.58337223415623,3
322.58337223415623,3
322.58337223415623,3
322.58337223415623,3
322.58337223415623,3
322.58337223415623,3
322.58337223415623,3
322.58337223415623,3
322.58337223415623,3
322.58337223415623,3
322.58337223415623,3
322.58337223415623,3
322.58337223415623,3
322.58337223415623,3
322.58337223415623,3
322.58337223415623,3
322.58337223415623,3
322.58337223415623,3
322.58337223415623,3
322.58337223415623,3
322.58337223415623,3
322.58337223415623,3
322.58337223415623,3
322.58337223415623,3
322.58337223415623,3
322.58337223415623,3
322.58337223415623,3
322.58337223415623,3
322.58337223415623,3
322.58337223415623,3
322.58337223415623,3
322.58337223415623,3
322.58337223415623,3
322.58337223415623,3
322.58337223415623,3
322.58337223415623,3
322.58337223415623,3
322.58337223415623,3
322.58337223415623,3
322.58337223415623,3
322.58337223415623,3
322.58337223415623,3
322.58337223415623,3
322.58337223415623,3
322.58337223415623,3
322.58337223415623,3
322.58337223415623,3
322.58337223415623,3
322.58337223415623,3
322.58337223415623,3
322.58337223415623,3
322.58337223415623,3
322.58337223415623,3
322.58337223415623,3
322.58337223415623,3
322.58337223415623,3
322.58337223415623,3
322.58337223415623,3
322.58337223415623,3
322.58337223415623,3
322.58337223415623,3
322.58337223415623,3
322.58337223415623,3
322.58337223415623,3
322.58337223415623,3
322.58337223415623,3
322.58337223415623,3
322.58337223415623,3
322.58337223415623,3
322.58337223415623,3
322.58337223415623,3
322.58337223415623,3
322.58337223415623,3
322.58337223415623,3
322.58337223415623,3
322.58337223415623,3
322.58337223415623,3
322.58337223415623,3
322.58337223415623,3
315.4764226141125,3
315.4764226141125,3
315.4764226141125,3
315.4764226141125,3
315.4764226141125,3
315.4764226141125,3
315.4764226141125,3
315.4764226141125,3
315.4764226141125,3
315.4764226141125,3
315.4764226141125,3
315.4764226141125,3
315.4764226141125,3
315.4764226141125,3
315.4764226141125,3
315.4764226141125,3
315.4764226141125,3
315.4764226141125,3
315.4764226141125,3
315.4764226141125,3
315.4764226141125,3
315.4764226141125,3
315.4764226141125,3
315.4764226141125,3
315.4764226141125,3
315.4764226141125,3
315.4764226141125,3
315.4764226141125,3
315.4764226141125,3
315.4764226141125,3
315.4764226141125,3
315.4764226141125,3
315.4764226141125,3
315.4764226141125,3
315.4764226141125,3
315.4764226141125,3
315.4764226141125,3
315.4764226141125,3
315.4764226141125,3
315.4764226141125,3
315.4764226141125,3
315.4764226141125,3
315.4764226141125,3
315.4764226141125,3
315.4764226141125,3
315.4764226141125,3
315.4764226141125,3
315.4764226141125,3
315.4764226141125,3
315.4764226141125,3
315.4764226141125,3
315.4764226141125,3
315.4764226141125,3
315.4764226141125,3
315.4764226141125,3
315.4764226141125,3
315.4764226141125,3
315.4764226141125,3
315.4764226141125,3
315.4764226141125,3
315.4764226141125,3
315.4764226141125,3
315.4764226141125,3
315.4764226141125,3
315.4764226141125,3
315.4764226141125,3
315.4764226141125,3
315.4764226141125,3
315.4764226141125,3
315.4764226141125,3
315.4764226141125,3
315.4764226141125,3
315.4764226141125,3
315.4764226141125,3
315.4764226141125,3
315.4764226141125,3
315.4764226141125,3
315.4764226141125,3
315.4764226141125,3
315.4764226141125,3
315.4764226141125,3
315.4764226141125,3
315.4764226141125,3
315.4764226141125,3
315.4764226141125,3
315.4764226141125,3
315.4764226141125,3
315.4764226141125,3
315.4764226141125,3
315.4764226141125,3
315.4764226141125,3
315.4764226141125,3
315.4764226141125,3
315.4764226141125,3
315.4764226141125,3
315.4764226141125,3
315.4764226141125,3
315.4764226141125,3
315.4764226141125,3
315.4764226141125,3
315.4764226141125,3
315.4764226141125,3
315.4764226141125,3
315.4764226141125,3
315.4764226141125,3
315.4764226141125,3
315.4764226141125,3
315.4764226141125,3
315.4764226141125,3
315.4764226141125,3
315.4764226141125,3
315.4764226141125,3
315.4764226141125,3
315.4764226141125,3
315.4764226141125,3
315.4764226141125,3
315.4764226141125,3
315.4764226141125,3
315.4764226141125,3
315.4764226141125,3
315.4764226141125,3
315.4764226141125,3
315.4764226141125,3
315.4764226141125,3
315.4764226141125,3
315.4764226141125,3
315.4764226141125,3
315.4764226141125,3
315.4764226141125,3
315.4764226141125,3
315.4764226141125,3
315.4764226141125,3
315.4764226141125,3
315.4764226141125,3
315.4764226141125,3
315.4764226141125,3
315.4764226141125,3
315.4764226141125,3
315.4764226141125,3
315.4764226141125,3
315.4764226141125,3
315.4764226141125,3
315.4764226141125,3
315.4764226141125,3
315.4764226141125,3
315.4764226141125,3
315.4764226141125,3
315.4764226141125,3
315.4764226141125,3
315.4764226141125,3
315.4764226141125,3
315.4764226141125,3
315.4764226141125,3
315.4764226141125,3
315.4764226141125,3
315.4764226141125,3
315.4764226141125,3
315.4764226141125,3
315.4764226141125,3
315.4764226141125,3
315.4764226141125,3
315.4764226141125,3
315.4764226141125,3
315.4764226141125,3
315.4764226141125,3
315.4764226141125,3
315.4764226141125,3
315.4764226141125,3
315.4764226141125,3
315.4764226141125,3
315.4764226141125,3
315.4764226141125,3
315.4764226141125,3
315.4764226141125,3
315.4764226141125,3
315.4764226141125,3
315.4764226141125,3
315.4764226141125,3
315.4764226141125,3
315.4764226141125,3
315.4764226141125,3
315.4764226141125,3
315.4764226141125,3
315.4764226141125,3
315.4764226141125,3
315.4764226141125,3
315.4764226141125,3
315.4764226141125,3
315.4764226141125,3
315.4764226141125,3
315.4764226141125,3
315.4764226141125,3
315.4764226141125,3
315.4764226141125,3
315.4764226141125,3
315.4764226141125,3
315.4764226141125,3
315.4764226141125,3
315.4764226141125,3
315.4764226141125,3
315.4764226141125,3
315.4764226141125,3
315.4764226141125,3
315.4764226141125,3
315.4764226141125,3
315.4764226141125,3
315.4764226141125,3
315.4764226141125,3
315.4764226141125,3
315.4764226141125,3
315.4764226141125,3
315.4764226141125,3
315.4764226141125,3
315.4764226141125,3
315.4764226141125,3
315.4764226141125,3
315.4764226141125,3
315.4764226141125,3
315.4764226141125,3
315.4764226141125,3
315.4764226141125,3
315.4764226141125,3
315.4764226141125,3
315.4764226141125,3
315.4764226141125,3
315.4764226141125,3
315.4764226141125,3
315.4764226141125,3
315.4764226141125,3
315.4764226141125,3
315.4764226141125,3
315.4764226141125,3
315.4764226141125,3
315.4764226141125,3
315.4764226141125,3
315.4764226141125,3
315.4764226141125,3
315.4764226141125,3
315.4764226141125,3
315.4764226141125,3
315.4764226141125,3
315.4764226141125,3
315.4764226141125,3
315.4764226141125,3
315.4764226141125,3
315.4764226141125,3
315.4764226141125,3
315.4764226141125,3
315.4764226141125,3
315.4764226141125,3
315.4764226141125,3
315.4764226141125,3
315.4764226141125,3
315.4764226141125,3
315.4764226141125,3
315.4764226141125,3
315.4764226141125,3
315.4764226141125,3
315.4764226141125,3
315.4764226141125,3
315.4764226141125,3
315.4764226141125,3
315.4764226141125,3
315.4764226141125,3
315.4764226141125,3
315.4764226141125,3
315.4764226141125,3
315.4764226141125,3
315.4764226141125,3
315.4764226141125,3
315.4764226141125,3
315.4764226141125,3
315.4764226141125,3
315.4764226141125,3
315.4764226141125,3
315.4764226141125,3
315.4764226141125,3
315.4764226141125,3
315.4764226141125,3
315.4764226141125,3
315.4764226141125,3
315.4764226141125,3
315.4764226141125,3
315.4764226141125,3
315.4764226141125,3
315.4764226141125,3
315.4764226141125,3
315.4764226141125,3
315.4764226141125,3
315.4764226141125,3
315.4764226141125,3
315.4764226141125,3
315.4764226141125,3
315.4764226141125,3
315.4764226141125,3
315.4764226141125,3
315.4764226141125,3
315.4764226141125,3
315.4764226141125,3
315.4764226141125,3
315.4764226141125,3
315.4764226141125,3
315.4764226141125,3
315.4764226141125,3
315.4764226141125,3
315.4764226141125,3
315.4764226141125,3
315.4764226141125,3
315.4764226141125,3
315.4764226141125,3
315.4764226141125,3
315.4764226141125,3
315.4764226141125,3
315.4764226141125,3
315.4764226141125,3
315.4764226141125,3
315.4764226141125,3
315.4764226141125,3
315.4764226141125,3
315.4764226141125,3
315.4764226141125,3
315.4764226141125,3
315.4764226141125,3
315.4764226141125,3
315.4764226141125,3
315.4764226141125,3
315.4764226141125,3
315.4764226141125,3
315.4764226141125,3
315.4764226141125,3
315.4764226141125,3
315.4764226141125,3
315.4764226141125,3
315.4764226141125,3
315.4764226141125,3
315.4764226141125,3
315.4764226141125,3
315.4764226141125,3
315.4764226141125,3
315.4764226141125,3
315.4764226141125,3
315.4764226141125,3
315.4764226141125,3
315.4764226141125,3
315.4764226141125,3
315.4764226141125,3
315.4764226141125,3
315.4764226141125,3
315.4764226141125,3
