1275.0360041685801,25
1205.62941672972,24
1186.5288184716057,23
1156.252438236786,21
1156.252438236786,21
1120.377942999378,22
1065.0245332538325,21
1065.0245332538325,21
1000.821660091446,17
944.5212751165943,16
944.5212751165943,16
944.5212751165943,16
944.5212751165943,16
944.5212751165943,16
944.5212751165943,16
944.5212751165943,16
944.5212751165943,16
939.5051729147665,15
917.0138225686267,14
904.1841275028928,14
883.6013054498675,14
816.5379949777736,13
816.5379949777736,13
797.8722120704482,12
797.8722120704482,12
792.2566839423599,11
784.7955060894476,10
784.7955060894476,10
784.7955060894476,10
771.0771988275673,13
771.0771988275673,13
771.0771988275673,13
765.2907031951944,12
752.0362241248484,11
752.0362241248484,11
729.6077523469991,10
729.6077523469991,10
712.3345130250192,12
712.3345130250192,12
665.722648822487,11
665.722648822487,11
665.722648822487,11
665.722648822487,11
665.722648822487,11
665.722648822487,11
665.722648822487,11
665.722648822487,11
665.722648822487,11
665.722648822487,11
665.722648822487,11
663.1929676304698,9
656.5381335993385,8
656.5381335993385,8
656.5381335993385,8
656.5381335993385,8
653.9357113585123,8
653.9357113585123,8
653.7942693981395,8
653.7942693981395,8
639.3883818933449,10
635.2858602396301,8
635.2858602396301,8
632.3124110012826,9
632.1490188501824,9
612.9753130654325,8
612.9753130654325,8
612.9753130654325,8
594.9164962438759,7
580.3363181066727,7
580.3363181066727,7
580.3363181066727,7
580.3363181066727,7
580.3363181066727,7
580.3363181066727,7
580.3363181066727,7
580.3363181066727,7
580.3363181066727,7
580.3363181066727,7
580.3363181066727,7
580.3363181066727,7
556.3973133056246,6
556.3973133056246,6
556.3973133056246,6
556.3973133056246,6
556.3973133056246,6
555.1602866381741,6
555.1602866381741,6
555.1602866381741,6
555.1602866381741,6
555.1602866381741,6
555.1602866381741,6
555.1602866381741,6
555.1602866381741,6
555.1602866381741,6
555.1602866381741,6
555.1602866381741,6
555.1602866381741,6
555.1602866381741,6
555.1602866381741,6
555.1602866381741,6
555.1602866381741,6
555.1602866381741,6
555.1602866381741,6
555.1602866381741,6
555.1602866381741,6
545.90450435551,6
545.90450435551,6
545.90450435551,6
545.90450435551,6
545.90450435551,6
537.579096656337,5
529.4845093197843,6
523.5257927079695,6
523.5257927079695,6
523.5257927079695,6
499.09610152193756,5
499.09610152193756,5
499.09610152193756,5
499.09610152193756,5
499.09610152193756,5
499.09610152193756,5
499.09610152193756,5
495.52807668181066,4
495.52807668181066,4
495.52807668181066,4
481.18076806903014,4
481.18076806903014,4
454.97424815166977,4
451.81645813360313,4
451.81645813360313,4
436.62902593730036,4
422.04413551923733,4
422.04413551923733,4
422.04413551923733,4
422.04413551923733,4
422.04413551923733,4
422.04413551923733,4
422.04413551923733,4
422.04413551923733,4
422.04413551923733,4
422.04413551923733,4
422.04413551923733,4
422.04413551923733,4
422.04413551923733,4
422.04413551923733,4
393.48907458855774,3
388.64056418680605,3
388.64056418680605,3
388.64056418680605,3
388.64056418680605,3
388.64056418680605,3
388.64056418680605,3
388.64056418680605,3
388.64056418680605,3
388.64056418680605,3
388.64056418680605,3
388.64056418680605,3
388.64056418680605,3
388.64056418680605,3
388.64056418680605,3
388.64056418680605,3
388.64056418680605,3
388.64056418680605,3
388.64056418680605,3
388.64056418680605,3
388.64056418680605,3
388.64056418680605,3
388.64056418680605,3
388.64056418680605,3
388.64056418680605,3
388.64056418680605,3
388.64056418680605,3
388.64056418680605,3
386.5350310985586,3
386.5350310985586,3
384.53964468245744,3
384.53964468245744,3
384.53964468245744,3
384.53964468245744,3
384.53964468245744,3
384.53964468245744,3
371.2472292554314,3
371.2472292554314,3
371.2472292554314,3
368.57768805005117,3
368.57768805005117,3
368.57768805005117,3
368.57768805005117,3
368.57768805005117,3
368.57768805005117,3
368.57768805005117,3
368.57768805005117,3
368.57768805005117,3
368.57768805005117,3
368.57768805005117,3
368.57768805005117,3
368.57768805005117,3
368.57768805005117,3
368.57768805005117,3
368.57768805005117,3
368.57768805005117,3
367.57542676463214,3
367.57542676463214,3
367.57542676463214,3
367.57542676463214,3
367.57542676463214,3
367.57542676463214,3
367.57542676463214,3
367.57542676463214,3
367.57542676463214,3
367.57542676463214,3
367.57542676463214,3
367.57542676463214,3
367.57542676463214,3
367.57542676463214,3
367.57542676463214,3
367.57542676463214,3
367.57542676463214,3
367.57542676463214,3
367.57542676463214,3
367.57542676463214,3
367.57542676463214,3
367.57542676463214,3
367.57542676463214,3
367.57542676463214,3
367.57542676463214,3
367.57542676463214,3
367.57542676463214,3
367.57542676463214,3
360.5730679924965,3
360.5730679924965,3
360.5730679924965,3
360.5730679924965,3
360.5730679924965,3
360.5730679924965,3
360.5730679924965,3
360.5730679924965,3
360.5730679924965,3
360.5730679924965,3
360.5730679924965,3
360.5730679924965,3
360.5730679924965,3
360.5730679924965,3
360.5730679924965,3
360.5730679924965,3
360.5730679924965,3
360.5730679924965,3
360.5730679924965,3
360.5730679924965,3
360.5730679924965,3
360.5730679924965,3
360.5730679924965,3
360.5730679924965,3
360.5730679924965,3
360.5730679924965,3
360.5730679924965,3
360.5730679924965,3
360.5730679924965,3
360.5730679924965,3
360.5730679924965,3
360.5730679924965,3
360.5730679924965,3
360.5730679924965,3
360.5730679924965,3
360.5730679924965,3
360.5730679924965,3
360.5730679924965,3
360.5730679924965,3
360.5730679924965,3
360.5730679924965,3
360.5730679924965,3
360.5730679924965,3
360.5730679924965,3
360.5730679924965,3
360.5730679924965,3
360.5730679924965,3
360.5730679924965,3
360.5730679924965,3
360.5730679924965,3
360.5730679924965,3
360.5730679924965,3
360.5730679924965,3
360.5730679924965,3
360.5730679924965,3
360.5730679924965,3
360.5730679924965,3
360.5730679924965,3
360.5730679924965,3
360.5730679924965,3
360.5730679924965,3
360.5730679924965,3
360.5730679924965,3
360.5730679924965,3
360.5730679924965,3
360.5730679924965,3
360.5730679924965,3
360.5730679924965,3
360.5730679924965,3
360.5730679924965,3
360.5730679924965,3
360.5730679924965,3
360.5730679924965,3
360.5730679924965,3
360.5730679924965,3
360.5730679924965,3
360.5730679924965,3
360.5730679924965,3
360.5730679924965,3
360.5730679924965,3
360.5730679924965,3
360.5730679924965,3
360.5730679924965,3
360.5730679924965,3
360.5730679924965,3
360.5730679924965,3
360.5730679924965,3
360.5730679924965,3
360.5730679924965,3
353.36775604711994,3
353.36775604711994,3
353.36775604711994,3
353.36775604711994,3
353.36775604711994,3
353.36775604711994,3
353.36775604711994,3
353.36775604711994,3
353.36775604711994,3
353.36775604711994,3
353.36775604711994,3
353.36775604711994,3
353.36775604711994,3
353.36775604711994,3
353.36775604711994,3
353.36775604711994,3
353.36775604711994,3
353.36775604711994,3
353.36775604711994,3
353.36775604711994,3
353.36775604711994,3
353.36775604711994,3
353.36775604711994,3
353.36775604711994,3
353.36775604711994,3
353.36775604711994,3
353.36775604711994,3
353.36775604711994,3
353.36775604711994,3
353.36775604711994,3
353.36775604711994,3
353.36775604711994,3
353.36775604711994,3
353.36775604711994,3
353.36775604711994,3
353.36775604711994,3
353.36775604711994,3
353.36775604711994,3
353.36775604711994,3
353.36775604711994,3
353.36775604711994,3
353.36775604711994,3
353.36775604711994,3
353.36775604711994,3
353.36775604711994,3
353.36775604711994,3
353.36775604711994,3
353.36775604711994,3
353.36775604711994,3
353.36775604711994,3
353.36775604711994,3
353.36775604711994,3
353.36775604711994,3
353.36775604711994,3
353.36775604711994,3
353.36775604711994,3
351.0648779118327,3
351.0648779118327,3
351.0648779118327,3
351.0648779118327,3
351.0648779118327,3
351.0648779118327,3
351.0648779118327,3
351.0648779118327,3
351.0648779118327,3
351.0648779118327,3
351.0648779118327,3
351.0648779118327,3
351.0648779118327,3
351.0648779118327,3
351.0648779118327,3
351.0648779118327,3
351.0648779118327,3
351.0648779118327,3
351.0648779118327,3
351.0648779118327,3
351.0648779118327,3
351.0648779118327,3
351.0648779118327,3
351.0648779118327,3
344.8943715691029,3
341.3343977839704,3
341.3343977839704,3
341.3343977839704,3
341.3343977839704,3
341.21181889413094,3
341.21181889413094,3
341.21181889413094,3
341.21181889413094,3
341.21181889413094,3
341.21181889413094,3
341.21181889413094,3
341.21181889413094,3
341.21181889413094,3
341.21181889413094,3
341.21181889413094,3
341.21181889413094,3
341.21181889413094,3
341.21181889413094,3
341.21181889413094,3
341.21181889413094,3
340.2916582916884,3
340.2916582916884,3
340.2916582916884,3
340.2916582916884,3
340.2916582916884,3
340.2916582916884,3
340.2916582916884,3
340.2916582916884,3
340.2916582916884,3
340.2916582916884,3
340.2916582916884,3
340.2916582916884,3
340.2916582916884,3
340.2916582916884,3
340.2916582916884,3
340.2916582916884,3
340.2916582916884,3
340.2916582916884,3
340.2916582916884,3
340.2916582916884,3
340.2916582916884,3
340.2916582916884,3
340.2916582916884,3
340.2916582916884,3
340.2916582916884,3
335.53499587403286,3
335.53499587403286,3
328.6076791301651,3
328.6076791301651,3
328.6076791301651,3
328.6076791301651,3
328.6076791301651,3
328.6076791301651,3
328.6076791301651,3
328.6076791301651,3
328.6076791301651,3
328.6076791301651,3
328.6076791301651,3
328.6076791301651,3
328.6076791301651,3
328.6076791301651,3
328.6076791301651,3
328.6076791301651,3
328.6076791301651,3
328.6076791301651,3
328.6076791301651,3
328.6076791301651,3
328.6076791301651,3
328.6076791301651,3
328.6076791301651,3
328.6076791301651,3
328.6076791301651,3
328.6076791301651,3
328.6076791301651,3
328.6076791301651,3
328.6076791301651,3
328.6076791301651,3
328.6076791301651,3
328.6076791301651,3
328.6076791301651,3
328.6076791301651,3
328.6076791301651,3
328.6076791301651,3
328.6076791301651,3
328.6076791301651,3
328.6076791301651,3
328.6076791301651,3
328.6076791301651,3
328.6076791301651,3
328.6076791301651,3
328.6076791301651,3
328.6076791301651,3
328.6076791301651,3
328.6076791301651,3
328.6076791301651,3
328.6076791301651,3
328.6076791301651,3
328.6076791301651,3
328.6076791301651,3
328.6076791301651,3
328.6076791301651,3
328.6076791301651,3
328.6076791301651,3
328.6076791301651,3
328.6076791301651,3
328.6076791301651,3
328.6076791301651,3
328.6076791301651,3
328.6076791301651,3
328.6076791301651,3
328.6076791301651,3
328.6076791301651,3
328.6076791301651,3
328.6076791301651,3
328.6076791301651,3
328.6076791301651,3
328.6076791301651,3
328.6076791301651,3
328.6076791301651,3
328.6076791301651,3
328.6076791301651,3
328.6076791301651,3
328.6076791301651,3
328.6076791301651,3
328.6076791301651,3
328.6076791301651,3
328.6076791301651,3
328.6076791301651,3
328.6076791301651,3
328.6076791301651,3
328.6076791301651,3
328.6076791301651,3
328.6076791301651,3
328.6076791301651,3
328.6076791301651,3
328.6076791301651,3
328.6076791301651,3
328.6076791301651,3
328.6076791301651,3
328.6076791301651,3
328.6076791301651,3
328.6076791301651,3
321.2500045460456,3
321.2500045460456,3
321.2500045460456,3
321.2500045460456,3
321.2500045460456,3
321.2500045460456,3
321.2500045460456,3
321.2500045460456,3
321.2500045460456,3
321.2500045460456,3
321.2500045460456,3
321.2500045460456,3
321.2500045460456,3
320.3780127872627,3
320.3780127872627,3
318.0955786741181,3
318.0955786741181,3
318.0955786741181,3
318.0955786741181,3
314.5356048889857,3
314.5356048889857,3
314.5356048889857,3
314.5356048889857,3
314.5356048889857,3
314.5356048889857,3
314.5356048889857,3
314.5356048889857,3
314.5356048889857,3
314.5356048889857,3
314.5356048889857,3
314.5356048889857,3
314.5356048889857,3
314.5356048889857,3
314.3812372613761,3
311.64539835490876,3
311.64539835490876,3
311.64539835490876,3
311.64539835490876,3
311.64539835490876,3
311.64539835490876,3
311.64539835490876,3
311.64539835490876,3
311.64539835490876,3
311.64539835490876,3
311.64539835490876,3
311.64539835490876,3
311.64539835490876,3
311.64539835490876,3
311.64539835490876,3
311.64539835490876,3
311.64539835490876,3
311.64539835490876,3
311.64539835490876,3
309.2770859684633,3
305.37838471528335,3
305.37838471528335,3
305.37838471528335,3
305.37838471528335,3
305.37838471528335,3
305.37838471528335,3
305.37838471528335,3
305.37838471528335,3
305.37838471528335,3
305.37838471528335,3
305.37838471528335,3
305.37838471528335,3
305.37838471528335,3
305.37838471528335,3
305.37838471528335,3
305.37838471528335,3
305.37838471528335,3
305.37838471528335,3
305.37838471528335,3
305.37838471528335,3
305.37838471528335,3
305.37838471528335,3
305.37838471528335,3
305.37838471528335,3
305.37838471528335,3
305.37838471528335,3
305.37838471528335,3
305.37838471528335,3
305.37838471528335,3
304.9861412569182,3
304.9861412569182,3
304.9861412569182,3
304.9861412569182,3
304.9861412569182,3
304.9861412569182,3
304.9861412569182,3
304.9861412569182,3
304.9861412569182,3
304.9861412569182,3
296.97339354071164,3
296.97339354071164,3
296.97339354071164,3
296.97339354071164,3
296.97339354071164,3
296.97339354071164,3
296.97339354071164,3
296.97339354071164,3
296.97339354071164,3
296.97339354071164,3
296.97339354071164,3
296.97339354071164,3
296.97339354071164,3
296.97339354071164,3
296.97339354071164,3
296.97339354071164,3
296.97339354071164,3
296.97339354071164,3
296.97339354071164,3
296.97339354071164,3
296.97339354071164,3
296.97339354071164,3
296.97339354071164,3
296.97339354071164,3
296.97339354071164,3
296.97339354071164,3
296.97339354071164,3
296.97339354071164,3
296.97339354071164,3
294.7231113176713,2
294.7231113176713,2
294.7231113176713,2
284.8693604050765,2
284.8693604050765,2
284.8693604050765,2
284.8693604050765,2
284.8693604050765,2
284.8693604050765,2
284.8693604050765,2
284.8693604050765,2
284.8693604050765,2
284.8693604050765,2
284.8693604050765,2
284.8693604050765,2
284.8693604050765,2
284.8693604050765,2
284.8693604050765,2
281.30938661994406,2
281.30938661994406,2
281.30938661994406,2
281.30938661994406,2
281.30938661994406,2
281.30938661994406,2
281.30938661994406,2
281.30938661994406,2
281.30938661994406,2
280.44117544144046,2
280.44117544144046,2
280.44117544144046,2
280.4164723026109,2
272.2508794918481,2
272.2508794918481,2
272.2508794918481,2
272.2508794918481,2
272.2508794918481,2
272.2508794918481,2
272.2508794918481,2
272.2508794918481,2
272.2508794918481,2
272.2508794918481,2
272.2508794918481,2
272.2508794918481,2
272.2508794918481,2
272.2508794918481,2
272.2508794918481,2
272.2508794918481,2
272.2508794918481,2
272.2508794918481,2
272.2508794918481,2
272.2508794918481,2
272.2508794918481,2
272.2508794918481,2
272.2508794918481,2
272.2508794918481,2
272.2508794918481,2
270.5874245288457,2
270.5874245288457,2
270.5874245288457,2
270.5874245288457,2
270.5874245288457,2
270.5874245288457,2
270.5874245288457,2
270.5874245288457,2
270.5874245288457,2
270.5874245288457,2
267.02745074371325,2
267.02745074371325,2
267.02745074371325,2
267.02745074371325,2
267.02745074371325,2
267.02745074371325,2
267.02745074371325,2
267.02745074371325,2
267.02745074371325,2
267.02745074371325,2
267.02745074371325,2
267.02745074371325,2
267.02745074371325,2
267.02745074371325,2
267.02745074371325,2
267.02745074371325,2
267.02745074371325,2
267.02745074371325,2
267.02745074371325,2
267.02745074371325,2
267.02745074371325,2
267.02745074371325,2
267.02745074371325,2
267.02745074371325,2
267.02745074371325,2
267.02745074371325,2
267.02745074371325,2
267.02745074371325,2
267.02745074371325,2
267.02745074371325,2
267.02745074371325,2
267.02745074371325,2
267.02745074371325,2
267.02745074371325,2
267.02745074371325,2
267.02745074371325,2
267.02745074371325,2
267.02745074371325,2
267.02745074371325,2
267.02745074371325,2
267.02745074371325,2
267.02745074371325,2
267.02745074371325,2
267.02745074371325,2
267.02745074371325,2
267.02745074371325,2
267.02745074371325,2
267.02745074371325,2
267.02745074371325,2
267.02745074371325,2
267.02745074371325,2
267.02745074371325,2
267.02745074371325,2
267.02745074371325,2
267.02745074371325,2
267.02745074371325,2
267.02745074371325,2
267.02745074371325,2
267.02745074371325,2
267.02745074371325,2
267.02745074371325,2
267.02745074371325,2
267.02745074371325,2
261.9468942616613,2
261.9468942616613,2
261.9468942616613,2
261.9468942616613,2
261.9468942616613,2
261.9468942616613,2
261.9468942616613,2
261.9468942616613,2
261.9468942616613,2
261.9468942616613,2
261.9468942616613,2
261.9468942616613,2
261.9468942616613,2
261.9468942616613,2
261.9468942616613,2
261.9468942616613,2
261.9468942616613,2
261.9468942616613,2
261.9468942616613,2
261.9468942616613,2
261.9468942616613,2
261.9468942616613,2
261.9468942616613,2
261.9468942616613,2
261.9468942616613,2
261.9468942616613,2
261.9468942616613,2
261.9468942616613,2
261.9468942616613,2
261.9468942616613,2
261.9468942616613,2
261.9468942616613,2
261.9468942616613,2
261.9468942616613,2
261.9468942616613,2
255.4191236335352,2
255.4191236335352,2
255.4191236335352,2
255.4191236335352,2
255.4191236335352,2
255.4191236335352,2
255.4191236335352,2
255.4191236335352,2
255.4191236335352,2
255.4191236335352,2
255.4191236335352,2
255.4191236335352,2
255.4191236335352,2
255.4191236335352,2
255.4191236335352,2
255.4191236335352,2
255.4191236335352,2
255.4191236335352,2
255.4191236335352,2
255.4191236335352,2
255.4191236335352,2
255.4191236335352,2
255.4191236335352,2
255.4191236335352,2
255.4191236335352,2
255.4191236335352,2
255.4191236335352,2
255.4191236335352,2
255.4191236335352,2
255.4191236335352,2
255.4191236335352,2
255.4191236335352,2
255.4191236335352,2
255.4191236335352,2
255.4191236335352,2
255.4191236335352,2
255.4191236335352,2
255.4191236335352,2
255.4191236335352,2
255.4191236335352,2
255.4191236335352,2
255.4191236335352,2
255.4191236335352,2
255.4191236335352,2
255.4191236335352,2
255.4191236335352,2
255.4191236335352,2
255.4191236335352,2
255.4191236335352,2
255.4191236335352,2
255.4191236335352,2
255.4191236335352,2
255.4191236335352,2
255.4191236335352,2
255.4191236335352,2
255.4191236335352,2
255.4191236335352,2
255.4191236335352,2
255.4191236335352,2
255.4191236335352,2
255.4191236335352,2
255.4191236335352,2
255.4191236335352,2
255.4191236335352,2
255.4191236335352,2
255.4191236335352,2
255.4191236335352,2
255.4191236335352,2
255.4191236335352,2
255.4191236335352,2
255.4191236335352,2
255.4191236335352,2
255.4191236335352,2
255.4191236335352,2
255.4191236335352,2
255.4191236335352,2
255.4191236335352,2
255.4191236335352,2
255.4191236335352,2
255.4191236335352,2
255.4191236335352,2
255.4191236335352,2
255.4191236335352,2
255.4191236335352,2
255.4191236335352,2
255.4191236335352,2
255.4191236335352,2
255.4191236335352,2
255.4191236335352,2
255.4191236335352,2
255.4191236335352,2
255.4191236335352,2
255.4191236335352,2
255.4191236335352,2
255.4191236335352,2
255.4191236335352,2
255.4191236335352,2
255.4191236335352,2
255.4191236335352,2
255.4191236335352,2
255.4191236335352,2
255.4191236335352,2
255.4191236335352,2
255.4191236335352,2
255.4191236335352,2
255.4191236335352,2
255.4191236335352,2
255.4191236335352,2
255.4191236335352,2
255.4191236335352,2
255.4191236335352,2
255.4191236335352,2
255.4191236335352,2
255.4191236335352,2
255.4191236335352,2
255.4191236335352,2
255.4191236335352,2
255.4191236335352,2
255.4191236335352,2
255.4191236335352,2
255.4191236335352,2
255.4191236335352,2
255.4191236335352,2
255.4191236335352,2
255.4191236335352,2
255.4191236335352,2
255.4191236335352,2
255.4191236335352,2
255.4191236335352,2
255.4191236335352,2
255.4191236335352,2
255.4191236335352,2
255.4191236335352,2
255.4191236335352,2
255.4191236335352,2
255.4191236335352,2
255.4191236335352,2
255.4191236335352,2
255.4191236335352,2
255.4191236335352,2
255.4191236335352,2
255.4191236335352,2
255.4191236335352,2
255.4191236335352,2
255.4191236335352,2
255.4191236335352,2
255.4191236335352,2
255.4191236335352,2
255.4191236335352,2
255.4191236335352,2
255.4191236335352,2
255.4191236335352,2
255.4191236335352,2
255.4191236335352,2
255.4191236335352,2
255.4191236335352,2
255.4191236335352,2
255.4191236335352,2
255.4191236335352,2
255.4191236335352,2
255.4191236335352,2
255.4191236335352,2
255.4191236335352,2
255.4191236335352,2
255.4191236335352,2
255.4191236335352,2
255.4191236335352,2
255.4191236335352,2
255.4191236335352,2
255.4191236335352,2
255.4191236335352,2
255.4191236335352,2
255.4191236335352,2
