1275.0360041685803,25
1174.1411915320696,23
1152.9698014963378,23
1144.7660621246005,23
1065.0382256516423,21
1025.2941735428726,20
1025.2941735428726,20
1012.5706470728804,19
990.0861043873364,18
990.0861043873364,18
989.7645272396687,18
939.1637654751389,17
939.1637654751389,17
939.1637654751389,17
910.8525467949311,16
874.9529243230268,15
874.9529243230268,15
874.9529243230268,15
852.0577140907062,14
852.0577140907062,14
815.5412681031798,13
815.5412681031798,13
815.5412681031798,13
815.5412681031798,13
815.5412681031798,13
815.5412681031798,13
749.9928383475635,12
749.9928383475635,12
749.9928383475635,12
749.9928383475635,12
732.1232493454986,10
732.1232493454986,10
732.1232493454986,10
708.8230206907393,10
708.8230206907393,10
708.8230206907393,10
708.8230206907393,10
708.8230206907393,10
708.8230206907393,10
706.7074820456214,9
653.8581762682214,10
614.2945288010975,10
609.3939338935203,10
602.1297336946794,9
592.0332652854647,9
592.0332652854647,9
592.0332652854647,9
592.0332652854647,9
592.0332652854647,9
592.0332652854647,9
592.0332652854647,9
592.0332652854647,9
592.0332652854647,9
592.0332652854647,9
592.0332652854647,9
592.0332652854647,9
592.0332652854647,9
592.0332652854647,9
592.0332652854647,9
592.0332652854647,9
592.0332652854647,9
592.0332652854647,9
570.8954068640203,9
570.8954068640203,9
565.8261760647677,9
565.8261760647677,9
540.2514186227168,7
540.2514186227168,7
540.2514186227168,7
499.5692270896646,6
496.49427546903104,6
496.49427546903104,6
496.49427546903104,6
496.49427546903104,6
496.49427546903104,6
496.49427546903104,6
496.49427546903104,6
496.49427546903104,6
496.49427546903104,6
496.49427546903104,6
496.49427546903104,6
496.49427546903104,6
496.49427546903104,6
496.49427546903104,6
496.49427546903104,6
496.49427546903104,6
496.49427546903104,6
496.49427546903104,6
496.49427546903104,6
496.49427546903104,6
496.49427546903104,6
496.49427546903104,6
496.49427546903104,6
496.49427546903104,6
496.49427546903104,6
496.49427546903104,6
496.49427546903104,6
496.49427546903104,6
496.49427546903104,6
496.49427546903104,6
496.49427546903104,6
496.49427546903104,6
496.49427546903104,6
496.49427546903104,6
496.49427546903104,6
496.49427546903104,6
496.49427546903104,6
496.49427546903104,6
496.49427546903104,6
496.49427546903104,6
496.49427546903104,6
496.49427546903104,6
496.49427546903104,6
476.70199169384,6
473.2149112276848,6
473.2149112276848,6
473.2149112276848,6
473.2149112276848,6
473.2149112276848,6
473.2149112276848,6
473.2149112276848,6
473.2149112276848,6
473.2149112276848,6
473.2149112276848,6
473.2149112276848,6
473.2149112276848,6
473.2149112276848,6
473.2149112276848,6
473.2149112276848,6
473.2149112276848,6
473.2149112276848,6
473.2149112276848,6
473.2149112276848,6
473.2149112276848,6
473.2149112276848,6
473.2149112276848,6
473.2149112276848,6
473.2149112276848,6
473.2149112276848,6
473.2149112276848,6
457.4919054229898,5
457.4919054229898,5
457.4919054229898,5
457.4919054229898,5
457.4919054229898,5
457.4919054229898,5
457.4919054229898,5
457.4919054229898,5
457.4919054229898,5
457.4919054229898,5
457.4919054229898,5
457.4919054229898,5
457.4919054229898,5
457.4919054229898,5
457.4919054229898,5
457.4919054229898,5
457.4919054229898,5
457.4919054229898,5
457.4919054229898,5
457.4919054229898,5
457.15662926789446,5
457.15662926789446,5
457.15662926789446,5
448.5310034823489,5
448.5310034823489,5
448.5310034823489,5
448.5310034823489,5
448.5310034823489,5
448.5310034823489,5
448.5310034823489,5
448.5310034823489,5
448.5310034823489,5
448.5310034823489,5
448.5310034823489,5
448.5310034823489,5
448.5310034823489,5
448.5310034823489,5
448.5310034823489,5
448.5310034823489,5
448.5310034823489,5
448.5310034823489,5
448.5310034823489,5
448.5310034823489,5
448.5310034823489,5
448.5310034823489,5
448.5310034823489,5
448.5310034823489,5
448.5310034823489,5
448.5310034823489,5
448.5310034823489,5
448.5310034823489,5
448.5310034823489,5
448.5310034823489,5
448.5310034823489,5
448.5310034823489,5
448.5310034823489,5
448.5310034823489,5
448.5310034823489,5
448.5310034823489,5
448.5310034823489,5
448.5310034823489,5
448.5310034823489,5
448.5310034823489,5
448.5310034823489,5
448.5310034823489,5
448.5310034823489,5
448.5310034823489,5
448.5310034823489,5
448.5310034823489,5
448.5310034823489,5
448.5310034823489,5
448.5310034823489,5
448.5310034823489,5
448.5310034823489,5
448.5310034823489,5
448.5310034823489,5
448.5310034823489,5
448.5310034823489,5
448.5310034823489,5
448.5310034823489,5
448.5310034823489,5
448.5310034823489,5
448.5310034823489,5
448.5310034823489,5
448.5310034823489,5
448.5310034823489,5
448.5310034823489,5
448.5310034823489,5
448.5310034823489,5
448.5310034823489,5
448.5310034823489,5
448.5310034823489,5
448.5310034823489,5
448.5310034823489,5
448.5310034823489,5
448.5310034823489,5
448.5310034823489,5
448.5310034823489,5
438.48644567390255,5
438.48644567390255,5
438.48644567390255,5
438.48644567390255,5
438.48644567390255,5
438.48644567390255,5
438.48644567390255,5
438.48644567390255,5
438.48644567390255,5
438.48644567390255,5
438.48644567390255,5
438.48644567390255,5
438.48644567390255,5
438.48644567390255,5
438.48644567390255,5
438.48644567390255,5
428.03394333490047,5
428.03394333490047,5
428.03394333490047,5
428.03394333490047,5
428.03394333490047,5
428.03394333490047,5
428.03394333490047,5
428.03394333490047,5
428.03394333490047,5
428.03394333490047,5
428.03394333490047,5
428.03394333490047,5
428.03394333490047,5
428.03394333490047,5
428.03394333490047,5
427.61782802867515,4
425.09021492647025,4
415.4133648050186,4
415.4133648050186,4
415.4133648050186,4
413.00049157823366,4
411.39481728985584,4
411.39481728985584,4
411.39481728985584,4
411.39481728985584,4
411.39481728985584,4
411.39481728985584,4
411.39481728985584,4
411.39481728985584,4
411.39481728985584,4
411.39481728985584,4
411.39481728985584,4
411.39481728985584,4
411.39481728985584,4
411.39481728985584,4
411.39481728985584,4
411.39481728985584,4
411.39481728985584,4
411.39481728985584,4
404.74912123727756,4
404.74912123727756,4
404.74912123727756,4
404.74912123727756,4
404.74912123727756,4
404.74912123727756,4
404.74912123727756,4
404.74912123727756,4
404.74912123727756,4
404.74912123727756,4
404.74912123727756,4
404.74912123727756,4
404.74912123727756,4
404.74912123727756,4
404.74912123727756,4
404.74912123727756,4
404.74912123727756,4
404.74912123727756,4
404.74912123727756,4
366.82375438916085,3
366.82375438916085,3
366.82375438916085,3
366.82375438916085,3
366.82375438916085,3
366.82375438916085,3
366.82375438916085,3
366.82375438916085,3
366.82375438916085,3
366.82375438916085,3
366.82375438916085,3
366.82375438916085,3
366.82375438916085,3
366.82375438916085,3
366.82375438916085,3
366.82375438916085,3
366.82375438916085,3
366.82375438916085,3
366.82375438916085,3
366.82375438916085,3
366.82375438916085,3
366.82375438916085,3
366.82375438916085,3
366.82375438916085,3
366.82375438916085,3
366.82375438916085,3
366.82375438916085,3
366.82375438916085,3
366.82375438916085,3
366.82375438916085,3
366.82375438916085,3
366.82375438916085,3
366.82375438916085,3
365.3291177353023,3
365.3291177353023,3
365.3291177353023,3
365.3291177353023,3
365.3291177353023,3
365.3291177353023,3
365.3291177353023,3
365.3291177353023,3
365.3291177353023,3
365.3291177353023,3
365.3291177353023,3
365.3291177353023,3
365.3291177353023,3
365.3291177353023,3
365.3291177353023,3
358.0129827040942,3
358.0129827040942,3
358.0129827040942,3
358.0129827040942,3
358.0129827040942,3
358.0129827040942,3
358.0129827040942,3
358.0129827040942,3
358.0129827040942,3
358.0129827040942,3
358.0129827040942,3
358.0129827040942,3
358.0129827040942,3
358.0129827040942,3
358.0129827040942,3
358.0129827040942,3
358.0129827040942,3
358.0129827040942,3
358.0129827040942,3
358.0129827040942,3
358.0129827040942,3
358.0129827040942,3
358.0129827040942,3
355.4607429849777,3
355.4607429849777,3
355.4607429849777,3
355.4607429849777,3
355.4607429849777,3
355.4607429849777,3
355.4607429849777,3
355.4607429849777,3
355.4607429849777,3
348.279986817879,3
343.8160844775163,3
343.8160844775163,3
343.8160844775163,3
343.8160844775163,3
343.8160844775163,3
343.8160844775163,3
343.8160844775163,3
343.8160844775163,3
343.8160844775163,3
343.8160844775163,3
343.8160844775163,3
343.8160844775163,3
343.8160844775163,3
343.8160844775163,3
343.8160844775163,3
343.3646137485938,3
343.3646137485938,3
343.3646137485938,3
343.3646137485938,3
343.3646137485938,3
334.3086684694049,3
334.3086684694049,3
330.3245822463058,3
330.3245822463058,3
330.3245822463058,3
330.3245822463058,3
330.3245822463058,3
330.3245822463058,3
330.3245822463058,3
330.3245822463058,3
330.3245822463058,3
330.3245822463058,3
330.3245822463058,3
330.3245822463058,3
330.3245822463058,3
330.3245822463058,3
330.3245822463058,3
330.3245822463058,3
325.7404469838503,3
325.7404469838503,3
325.7404469838503,3
325.7404469838503,3
325.7404469838503,3
324.3064685836401,3
324.3064685836401,3
324.3064685836401,3
324.3064685836401,3
324.3064685836401,3
324.3064685836401,3
324.3064685836401,3
324.3064685836401,3
324.3064685836401,3
324.3064685836401,3
324.3064685836401,3
324.3064685836401,3
324.3064685836401,3
318.00826477833436,3
318.00826477833436,3
318.00826477833436,3
318.00826477833436,3
318.00826477833436,3
318.00826477833436,3
318.00826477833436,3
318.00826477833436,3
318.00826477833436,3
318.00826477833436,3
318.00826477833436,3
318.00826477833436,3
318.00826477833436,3
318.00826477833436,3
318.00826477833436,3
318.00826477833436,3
318.00826477833436,3
318.00826477833436,3
318.00826477833436,3
316.95444004748185,3
316.95444004748185,3
316.95444004748185,3
316.95444004748185,3
316.95444004748185,3
316.95444004748185,3
316.95444004748185,3
316.95444004748185,3
302.7848337435038,3
302.7848337435038,3
302.7848337435038,3
302.7848337435038,3
302.7848337435038,3
302.7848337435038,3
302.7848337435038,3
302.7848337435038,3
302.7848337435038,3
302.7848337435038,3
302.7848337435038,3
302.7848337435038,3
302.7848337435038,3
302.7848337435038,3
302.7848337435038,3
302.7848337435038,3
302.7848337435038,3
302.7848337435038,3
302.7848337435038,3
302.7848337435038,3
302.7848337435038,3
302.7848337435038,3
302.7848337435038,3
302.7848337435038,3
302.7848337435038,3
302.7848337435038,3
302.7848337435038,3
302.7848337435038,3
302.7848337435038,3
302.7848337435038,3
302.7848337435038,3
302.7848337435038,3
302.7848337435038,3
302.7848337435038,3
302.7848337435038,3
302.7848337435038,3
302.7848337435038,3
284.58276914530313,2
284.58276914530313,2
284.58276914530313,2
281.0227953601707,2
281.0227953601707,2
281.0227953601707,2
281.0227953601707,2
281.0227953601707,2
281.0227953601707,2
281.0227953601707,2
280.8102808060925,2
280.8102808060925,2
280.8102808060925,2
280.8102808060925,2
280.8102808060925,2
280.8102808060925,2
280.8102808060925,2
280.8102808060925,2
280.8102808060925,2
280.8102808060925,2
280.8102808060925,2
280.8102808060925,2
280.8102808060925,2
280.8102808060925,2
265.4231894511834,2
265.4231894511834,2
265.4231894511834,2
265.4231894511834,2
265.4231894511834,2
265.4231894511834,2
265.4231894511834,2
265.4231894511834,2
265.4231894511834,2
265.4231894511834,2
265.4231894511834,2
265.4231894511834,2
265.4231894511834,2
265.4231894511834,2
265.4231894511834,2
265.4231894511834,2
265.4231894511834,2
265.4231894511834,2
265.4231894511834,2
265.4231894511834,2
265.4231894511834,2
265.4231894511834,2
265.4231894511834,2
265.4231894511834,2
264.8561951439801,2
264.8561951439801,2
264.8561951439801,2
264.8561951439801,2
264.8561951439801,2
264.8561951439801,2
264.8561951439801,2
264.8561951439801,2
264.8561951439801,2
264.8561951439801,2
264.8561951439801,2
264.8561951439801,2
264.8561951439801,2
264.8561951439801,2
264.8561951439801,2
264.8561951439801,2
264.8561951439801,2
264.8561951439801,2
264.8561951439801,2
264.8561951439801,2
264.8561951439801,2
264.8561951439801,2
264.8561951439801,2
264.8561951439801,2
264.8561951439801,2
264.8561951439801,2
264.8561951439801,2
264.8561951439801,2
264.8561951439801,2
264.8561951439801,2
264.8561951439801,2
264.8561951439801,2
264.8561951439801,2
264.8561951439801,2
264.8561951439801,2
264.8561951439801,2
264.8561951439801,2
264.8561951439801,2
264.8561951439801,2
264.8561951439801,2
264.8561951439801,2
264.8561951439801,2
264.8561951439801,2
264.8561951439801,2
264.8561951439801,2
264.8561951439801,2
264.8561951439801,2
264.8561951439801,2
264.8561951439801,2
264.8561951439801,2
264.8561951439801,2
264.8561951439801,2
264.433235433778,2
264.433235433778,2
264.433235433778,2
264.433235433778,2
264.433235433778,2
264.208661215624,2
264.208661215624,2
264.208661215624,2
264.208661215624,2
264.208661215624,2
264.208661215624,2
264.208661215624,2
264.208661215624,2
264.208661215624,2
264.208661215624,2
264.208661215624,2
264.208661215624,2
264.208661215624,2
264.208661215624,2
264.208661215624,2
260.1694718517218,2
260.1694718517218,2
260.1694718517218,2
260.1694718517218,2
260.1694718517218,2
260.1694718517218,2
260.1694718517218,2
260.1694718517218,2
260.1694718517218,2
260.1694718517218,2
260.1694718517218,2
260.1694718517218,2
260.1694718517218,2
260.1694718517218,2
260.1694718517218,2
259.39393427847887,2
259.39393427847887,2
259.39393427847887,2
259.39393427847887,2
259.39393427847887,2
259.39393427847887,2
257.85192800007843,2
257.85192800007843,2
257.85192800007843,2
257.85192800007843,2
257.85192800007843,2
257.85192800007843,2
257.85192800007843,2
257.85192800007843,2
257.85192800007843,2
257.85192800007843,2
257.85192800007843,2
257.85192800007843,2
257.85192800007843,2
257.85192800007843,2
257.85192800007843,2
257.85192800007843,2
257.85192800007843,2
257.85192800007843,2
257.85192800007843,2
257.85192800007843,2
257.85192800007843,2
257.85192800007843,2
257.85192800007843,2
257.85192800007843,2
257.85192800007843,2
257.85192800007843,2
257.85192800007843,2
257.85192800007843,2
257.85192800007843,2
257.85192800007843,2
257.85192800007843,2
257.85192800007843,2
257.85192800007843,2
257.85192800007843,2
257.85192800007843,2
257.85192800007843,2
257.85192800007843,2
257.85192800007843,2
257.85192800007843,2
257.85192800007843,2
257.85192800007843,2
257.85192800007843,2
257.85192800007843,2
257.85192800007843,2
257.85192800007843,2
257.85192800007843,2
257.85192800007843,2
257.85192800007843,2
257.85192800007843,2
257.85192800007843,2
257.85192800007843,2
257.85192800007843,2
257.85192800007843,2
257.85192800007843,2
257.85192800007843,2
257.85192800007843,2
257.85192800007843,2
257.85192800007843,2
257.85192800007843,2
257.85192800007843,2
257.85192800007843,2
257.85192800007843,2
257.85192800007843,2
257.85192800007843,2
257.85192800007843,2
257.85192800007843,2
257.85192800007843,2
257.85192800007843,2
257.85192800007843,2
257.85192800007843,2
257.85192800007843,2
257.85192800007843,2
257.85192800007843,2
257.85192800007843,2
257.85192800007843,2
257.85192800007843,2
257.85192800007843,2
257.85192800007843,2
257.85192800007843,2
257.85192800007843,2
257.85192800007843,2
257.85192800007843,2
257.85192800007843,2
257.85192800007843,2
257.85192800007843,2
257.85192800007843,2
257.85192800007843,2
257.85192800007843,2
257.85192800007843,2
257.85192800007843,2
257.85192800007843,2
257.85192800007843,2
257.85192800007843,2
257.85192800007843,2
257.85192800007843,2
257.85192800007843,2
257.85192800007843,2
257.85192800007843,2
257.85192800007843,2
257.85192800007843,2
257.85192800007843,2
257.85192800007843,2
257.85192800007843,2
257.85192800007843,2
257.85192800007843,2
257.85192800007843,2
257.85192800007843,2
257.85192800007843,2
257.85192800007843,2
257.85192800007843,2
257.85192800007843,2
257.85192800007843,2
257.85192800007843,2
257.85192800007843,2
257.85192800007843,2
257.85192800007843,2
257.85192800007843,2
257.85192800007843,2
257.85192800007843,2
257.6267108998417,2
257.6267108998417,2
257.6267108998417,2
257.6267108998417,2
257.6267108998417,2
257.6267108998417,2
257.6267108998417,2
257.6267108998417,2
257.6267108998417,2
257.6267108998417,2
257.6267108998417,2
257.6267108998417,2
257.6267108998417,2
257.6267108998417,2
257.6267108998417,2
257.6267108998417,2
257.6267108998417,2
257.6267108998417,2
257.6267108998417,2
257.6267108998417,2
257.6267108998417,2
257.6267108998417,2
257.6267108998417,2
257.6267108998417,2
257.6267108998417,2
257.6267108998417,2
257.6267108998417,2
257.6267108998417,2
257.6267108998417,2
257.6267108998417,2
257.6267108998417,2
257.6267108998417,2
257.6267108998417,2
257.6267108998417,2
257.6267108998417,2
257.6267108998417,2
257.6267108998417,2
257.6267108998417,2
257.6267108998417,2
257.6267108998417,2
257.6267108998417,2
257.6267108998417,2
257.6267108998417,2
257.6267108998417,2
257.6267108998417,2
257.6267108998417,2
257.6267108998417,2
257.6267108998417,2
257.6267108998417,2
257.6267108998417,2
257.6267108998417,2
257.6267108998417,2
257.6267108998417,2
257.6267108998417,2
257.6267108998417,2
257.6267108998417,2
257.6267108998417,2
257.6267108998417,2
257.6267108998417,2
257.6267108998417,2
257.6267108998417,2
257.6267108998417,2
257.6267108998417,2
257.6267108998417,2
257.6267108998417,2
257.6267108998417,2
257.6267108998417,2
257.6267108998417,2
257.6267108998417,2
257.6267108998417,2
257.6267108998417,2
257.6267108998417,2
257.6267108998417,2
257.6267108998417,2
257.6267108998417,2
257.6267108998417,2
257.6267108998417,2
257.6267108998417,2
257.6267108998417,2
257.6267108998417,2
257.6267108998417,2
257.6267108998417,2
257.6267108998417,2
257.6267108998417,2
257.6267108998417,2
257.6267108998417,2
257.6267108998417,2
257.6267108998417,2
257.6267108998417,2
257.6267108998417,2
257.6267108998417,2
257.6267108998417,2
257.6267108998417,2
257.6267108998417,2
257.6267108998417,2
257.6267108998417,2
257.6267108998417,2
257.6267108998417,2
257.6267108998417,2
257.6267108998417,2
257.6267108998417,2
257.6267108998417,2
257.6267108998417,2
257.6267108998417,2
257.6267108998417,2
257.6267108998417,2
257.6267108998417,2
257.6267108998417,2
257.6267108998417,2
256.8389184040761,2
256.8389184040761,2
256.8389184040761,2
256.8389184040761,2
256.8389184040761,2
256.8389184040761,2
256.8389184040761,2
256.8389184040761,2
256.8389184040761,2
256.8389184040761,2
256.8389184040761,2
256.8389184040761,2
256.8389184040761,2
256.8389184040761,2
256.8389184040761,2
256.8389184040761,2
256.8389184040761,2
256.8389184040761,2
256.8389184040761,2
256.8389184040761,2
256.8389184040761,2
256.8389184040761,2
256.8389184040761,2
256.8389184040761,2
256.8389184040761,2
256.8389184040761,2
256.8389184040761,2
256.8389184040761,2
256.8389184040761,2
256.8389184040761,2
256.8389184040761,2
256.8389184040761,2
256.8389184040761,2
256.8389184040761,2
256.8389184040761,2
256.8389184040761,2
256.8389184040761,2
256.8389184040761,2
256.8389184040761,2
256.8389184040761,2
256.8389184040761,2
256.8389184040761,2
256.8389184040761,2
256.8389184040761,2
256.8389184040761,2
256.8389184040761,2
256.8389184040761,2
256.8389184040761,2
256.8389184040761,2
256.8389184040761,2
256.8389184040761,2
256.8389184040761,2
256.8389184040761,2
256.8389184040761,2
256.8389184040761,2
256.8389184040761,2
256.8389184040761,2
256.8389184040761,2
256.8389184040761,2
256.8389184040761,2
256.8389184040761,2
256.8389184040761,2
256.8389184040761,2
256.8389184040761,2
256.8389184040761,2
256.8389184040761,2
256.8389184040761,2
256.8389184040761,2
256.8389184040761,2
256.8389184040761,2
256.8389184040761,2
256.8389184040761,2
256.8389184040761,2
256.8389184040761,2
256.8389184040761,2
256.8389184040761,2
256.8389184040761,2
256.8389184040761,2
256.8389184040761,2
256.8389184040761,2
256.8389184040761,2
256.8389184040761,2
256.8389184040761,2
256.8389184040761,2
256.8389184040761,2
256.8389184040761,2
256.8389184040761,2
256.8389184040761,2
256.8389184040761,2
256.8389184040761,2
256.8389184040761,2
256.8389184040761,2
256.8389184040761,2
256.8389184040761,2
256.8389184040761,2
256.8389184040761,2
256.8389184040761,2
256.8389184040761,2
256.8389184040761,2
256.8389184040761,2
256.8389184040761,2
256.8389184040761,2
256.8389184040761,2
256.8389184040761,2
256.8389184040761,2
256.8389184040761,2
256.8389184040761,2
256.8389184040761,2
256.8389184040761,2
256.8389184040761,2
256.8389184040761,2
256.8389184040761,2
256.8389184040761,2
256.8389184040761,2
256.8389184040761,2
256.8389184040761,2
256.8389184040761,2
256.8389184040761,2
