pop_size: 100
num_of_iterations: 1000
ratio_keep_best: 0
ratio_replace_worst: 0
ratio_generate_new: 0
{'fitness': 238.34051346720497, 'affinity': 0.004195677794986362, 'distance': 238.34051346720497, 'vehicles': 2, 'path': [0, 5, 2, 1, 7, 3, 4, 25, 21, 0, 20, 22, 24, 6, 23, 18, 19, 16, 14, 12, 15, 17, 13, 9, 11, 10, 8, 0], 'pick_chance': 0.00630320433827065}
{'fitness': 230.80288782641477, 'affinity': 0.004332701420755589, 'distance': 230.80288782641477, 'vehicles': 2, 'path': [0, 20, 22, 24, 6, 23, 18, 19, 16, 14, 12, 15, 17, 13, 25, 9, 8, 0, 5, 2, 1, 7, 3, 4, 11, 10, 21, 0], 'pick_chance': 0.006828707712036809}
{'fitness': 254.4590825766765, 'affinity': 0.003929904917811957,  'distance': 254.4590825766765,  'vehicles': 2, 'path': [0, 5, 2, 1, 7, 3, 4, 15, 17, 9, 11, 10, 8, 0, 20, 22, 24, 6, 23, 18, 19, 16, 14, 12, 13, 25, 21, 0], 'pick_chance': 0.005991768271726421}
{'fitness': 278.8736121863241, 'affinity': 0.003585853792906978,  'distance': 278.8736121863241,  'vehicles': 3, 'path': [0, 5, 2, 1, 7, 3, 4, 0, 20, 24, 6, 23, 19, 17, 25, 21, 0, 22, 18, 16, 14, 12, 15, 13, 9, 11, 10, 8, 0], 'pick_chance': 0.006174469110135131}
{'fitness': 260.922820146747, 'affinity': 0.00383255094145305,    'distance': 260.922820146747,   'vehicles': 3, 'path': [0, 24, 6, 23, 18, 19, 16, 14, 12, 15, 17, 13, 25, 0, 5, 2, 1, 7, 3, 4, 9, 11, 10, 8, 0, 20, 22, 21, 0], 'pick_chance': 0.00662992594670867}
{'fitness': 254.7146100276251, 'affinity': 0.003925962471848571,  'distance': 254.7146100276251,  'vehicles': 2, 'path': [0, 5, 2, 1, 7, 3, 4, 12, 25, 21, 0, 20, 22, 24, 6, 23, 18, 19, 16, 14, 15, 17, 13, 9, 11, 10, 8, 0], 'pick_chance': 0.006193349669847099}
{'fitness': 271.03550900326076, 'affinity': 0.003689553459904655, 'distance': 271.03550900326076, 'vehicles': 2, 'path': [0, 22, 20, 24, 6, 23, 18, 19, 16, 14, 17, 13, 9, 0, 5, 2, 1, 7, 3, 4, 12, 15, 25, 11, 10, 8, 21, 0], 'pick_chance': 0.00655620526545767}
{'fitness': 251.9378501668803, 'affinity': 0.003969232885561313,  'distance': 251.9378501668803,  'vehicles': 2, 'path': [0, 5, 2, 1, 7, 3, 4, 15, 17, 25, 21, 0, 20, 22, 24, 6, 23, 18, 19, 16, 14, 12, 13, 9, 11, 10, 8, 0], 'pick_chance': 0.006041095119073467}
{'fitness': 252.45075217677828, 'affinity': 0.003961168629435303, 'distance': 252.45075217677828, 'vehicles': 2, 'path': [0, 5, 2, 1, 7, 3, 4, 13, 21, 0, 20, 22, 24, 6, 23, 18, 19, 16, 14, 12, 15, 17, 25, 9, 11, 10, 8, 0], 'pick_chance': 0.006004854137912825}
{'fitness': 250.8859620312603, 'affinity': 0.003985874665539877,  'distance': 250.8859620312603,  'vehicles': 2, 'path': [0, 20, 22, 24, 6, 23, 18, 19, 16, 14, 12, 15, 17, 13, 11, 0, 5, 2, 1, 7, 3, 4, 25, 9, 10, 8, 21, 0], 'pick_chance': 0.006063510836007838}
{'fitness': 315.4764226141125, 'affinity': 0.00316980898830335,   'distance': 315.4764226141125,  'vehicles': 3, 'path': [0, 10, 0, 5, 2, 1, 7, 3, 4, 18, 12, 15, 13, 25, 8, 0, 20, 22, 24, 6, 23, 19, 16, 14, 17, 9, 11, 21, 0], 'pick_chance': 0.006153696810173138}
{'fitness': 249.23243500294993, 'affinity': 0.004012318862062091, 'distance': 249.23243500294993, 'vehicles': 2, 'path': [0, 20, 22, 24, 6, 23, 18, 19, 17, 25, 21, 0, 5, 2, 1, 7, 3, 4, 16, 14, 12, 15, 13, 9, 11, 10, 8, 0], 'pick_chance': 0.006771251221348666}
{'fitness': 215.54256527689375, 'affinity': 0.004639454850671207, 'distance': 215.54256527689375, 'vehicles': 2, 'path': [0, 20, 22, 24, 6, 23, 18, 19, 16, 14, 12, 15, 17, 13, 25, 9, 11, 10, 8, 21, 0, 5, 2, 1, 7, 3, 4, 0], 'pick_chance': 0.006679351650753174}
{'fitness': 254.22497095559413, 'affinity': 0.003933523903026314, 'distance': 254.22497095559413, 'vehicles': 2, 'path': [0, 5, 2, 1, 7, 3, 4, 19, 16, 14, 12, 15, 25, 21, 0, 20, 22, 24, 6, 23, 18, 17, 13, 9, 11, 10, 8, 0], 'pick_chance': 0.006158544973897747}
{'fitness': 254.0788341308222, 'affinity': 0.003935786321678065,  'distance': 254.0788341308222,  'vehicles': 2, 'path': [0, 20, 22, 24, 6, 23, 18, 17, 13, 25, 21, 0, 5, 2, 1, 7, 3, 4, 19, 16, 14, 12, 15, 9, 11, 10, 8, 0], 'pick_chance': 0.005866092421222483}
{'fitness': 255.4191236335352, 'affinity': 0.003915133627326819,  'distance': 255.4191236335352,  'vehicles': 2, 'path': [0, 5, 2, 1, 7, 3, 4, 13, 11, 10, 0, 20, 22, 24, 6, 23, 18, 19, 16, 14, 12, 15, 17, 25, 9, 8, 21, 0], 'pick_chance': 0.00633049307063121}
{'fitness': 215.54256527689375, 'affinity': 0.004639454850671207, 'distance': 215.54256527689375, 'vehicles': 2, 'path': [0, 20, 22, 24, 6, 23, 18, 19, 16, 14, 12, 15, 17, 13, 25, 9, 11, 10, 8, 21, 0, 5, 2, 1, 7, 3, 4, 0], 'pick_chance': 0.006993312488691291}
{'fitness': 254.50432614547063, 'affinity': 0.003929206293445935, 'distance': 254.50432614547063, 'vehicles': 2, 'path': [0, 5, 2, 1, 7, 3, 4, 16, 14, 12, 15, 13, 9, 11, 10, 8, 21, 0, 20, 22, 24, 6, 23, 18, 19, 17, 25, 0], 'pick_chance': 0.006298751714235784}
{'fitness': 232.83629210970318, 'affinity': 0.004294863102908544, 'distance': 232.83629210970318, 'vehicles': 2, 'path': [0, 20, 22, 24, 6, 23, 18, 19, 16, 14, 12, 15, 17, 13, 25, 9, 10, 0, 5, 2, 1, 7, 3, 4, 11, 8, 21, 0], 'pick_chance': 0.006726906844287553}
{'fitness': 256.8389184040761, 'affinity': 0.0038934909328139024, 'distance': 256.8389184040761,  'vehicles': 2, 'path': [0, 5, 2, 1, 7, 3, 4, 16, 14, 12, 15, 13, 9, 21, 0, 20, 22, 24, 6, 23, 18, 19, 17, 25, 11, 10, 8, 0], 'pick_chance': 0.0060183777319445155}
