1246.1601802480773,24
1207.5702325332622,23
1182.5736947997793,22
1182.0252388284312,22
1173.9825511130916,22
1132.45430272677,21
1132.45430272677,21
1097.1988454100938,20
1097.1988454100938,20
1097.1988454100938,20
1097.1988454100938,20
1097.1988454100938,20
1088.5051626938546,19
1088.5051626938546,19
1088.5051626938546,19
1088.5051626938546,19
1063.5634027411252,19
1062.7634600765728,17
1036.9363866540375,18
1036.9363866540375,18
1036.9363866540375,18
1036.9363866540375,18
1012.7477749548796,17
1002.1179792600458,17
1002.1179792600458,17
1002.1179792600458,17
1002.1179792600458,17
1002.1179792600458,17
1002.1179792600458,17
1002.1179792600458,17
1002.1179792600458,17
1002.1179792600458,17
1002.1179792600458,17
1002.1179792600458,17
1002.1179792600458,17
1002.1179792600458,17
1002.1179792600458,17
1002.1179792600458,17
1002.1179792600458,17
1002.1179792600458,17
1002.1179792600458,17
970.0466196409701,13
970.0466196409701,13
970.0466196409701,13
970.0466196409701,13
970.0466196409701,13
970.0466196409701,13
955.9383361314293,13
955.9383361314293,13
951.1523709648887,13
951.1523709648887,13
921.4380284068409,13
921.4380284068409,13
921.4380284068409,13
921.4380284068409,13
899.2118663044473,13
899.2118663044473,13
899.2118663044473,13
899.2118663044473,13
899.2118663044473,13
886.16341946531,12
857.2641827202608,13
846.9588997063479,10
846.9588997063479,10
846.9588997063479,10
841.6660291293551,12
841.6660291293551,12
841.6660291293551,12
841.6660291293551,12
841.6660291293551,12
841.6660291293551,12
834.8186126395342,11
834.8186126395342,11
834.8186126395342,11
823.5463811889275,11
823.5463811889275,11
823.5463811889275,11
823.5463811889275,11
822.2740104867123,11
822.2740104867123,11
822.2740104867123,11
814.6291506569235,10
814.6291506569235,10
814.6291506569235,10
814.6291506569235,10
814.6291506569235,10
814.6291506569235,10
803.7548141986617,12
796.9073977088408,11
787.1081445981545,12
787.1081445981545,12
787.1081445981545,12
787.1081445981545,12
787.1081445981545,12
787.1081445981545,12
787.1081445981545,12
787.1081445981545,12
787.1081445981545,12
779.4187717918683,12
778.8843091817134,11
778.8843091817134,11
772.0368926918925,10
772.0368926918925,10
772.0368926918925,10
772.0368926918925,10
760.7647331926236,9
760.7647331926236,9
760.7647331926236,9
760.7647331926236,9
735.3452218085669,9
735.3452218085669,9
735.3452218085669,9
735.3452218085669,9
735.3452218085669,9
735.3452218085669,9
735.3452218085669,9
735.3452218085669,9
735.3452218085669,9
735.3452218085669,9
735.3452218085669,9
735.3452218085669,9
735.3452218085669,9
735.3452218085669,9
735.3452218085669,9
735.3452218085669,9
735.3452218085669,9
735.3452218085669,9
735.3452218085669,9
735.3452218085669,9
735.3452218085669,9
735.3452218085669,9
735.3452218085669,9
735.3452218085669,9
735.3452218085669,9
735.3452218085669,9
735.3452218085669,9
735.3452218085669,9
735.3452218085669,9
735.3452218085669,9
735.3452218085669,9
735.3452218085669,9
735.3452218085669,9
735.3452218085669,9
735.3452218085669,9
735.3452218085669,9
735.3452218085669,9
735.3452218085669,9
735.3452218085669,9
735.3452218085669,9
735.3452218085669,9
735.3452218085669,9
735.3452218085669,9
735.3452218085669,9
735.3452218085669,9
735.3452218085669,9
735.3452218085669,9
735.3452218085669,9
735.3452218085669,9
735.3452218085669,9
735.3452218085669,9
735.3452218085669,9
734.8381141822955,8
734.8381141822955,8
734.8381141822955,8
734.8381141822955,8
734.8381141822955,8
734.8381141822955,8
734.8381141822955,8
734.8381141822955,8
734.8381141822955,8
734.8381141822955,8
734.8381141822955,8
734.8381141822955,8
734.8381141822955,8
734.8381141822955,8
734.8381141822955,8
734.8381141822955,8
734.8381141822955,8
734.8381141822955,8
734.8381141822955,8
734.8381141822955,8
734.8381141822955,8
734.8381141822955,8
734.8381141822955,8
734.8381141822955,8
734.8381141822955,8
734.8381141822955,8
734.8381141822955,8
734.8381141822955,8
734.8381141822955,8
734.8381141822955,8
734.8381141822955,8
734.8381141822955,8
734.8381141822955,8
734.8381141822955,8
734.8381141822955,8
734.8381141822955,8
734.8381141822955,8
734.8381141822955,8
734.8381141822955,8
734.8381141822955,8
734.8381141822955,8
734.8381141822955,8
734.8381141822955,8
734.8381141822955,8
734.8381141822955,8
734.8381141822955,8
734.8381141822955,8
734.8381141822955,8
734.8381141822955,8
734.8381141822955,8
734.8381141822955,8
734.8381141822955,8
734.8381141822955,8
734.8381141822955,8
734.8381141822955,8
734.8381141822955,8
734.8381141822955,8
734.8381141822955,8
734.8381141822955,8
734.8381141822955,8
734.8381141822955,8
734.8381141822955,8
734.8381141822955,8
734.8381141822955,8
734.8381141822955,8
734.8381141822955,8
734.8381141822955,8
734.8381141822955,8
734.8381141822955,8
734.8381141822955,8
734.8381141822955,8
734.8381141822955,8
734.8381141822955,8
734.8381141822955,8
734.8381141822955,8
734.8381141822955,8
734.8381141822955,8
734.8381141822955,8
734.8381141822955,8
734.8381141822955,8
734.8381141822955,8
734.8381141822955,8
734.8381141822955,8
734.8381141822955,8
734.8381141822955,8
734.8381141822955,8
734.8381141822955,8
734.8381141822955,8
734.8381141822955,8
734.8381141822955,8
734.8381141822955,8
734.8381141822955,8
734.8381141822955,8
734.8381141822955,8
734.8381141822955,8
734.8381141822955,8
734.8381141822955,8
734.8381141822955,8
734.8381141822955,8
734.8381141822955,8
734.8381141822955,8
734.8381141822955,8
734.8381141822955,8
734.8381141822955,8
734.8381141822955,8
734.8381141822955,8
734.8381141822955,8
734.8381141822955,8
734.8381141822955,8
734.8381141822955,8
734.8381141822955,8
734.8381141822955,8
734.8381141822955,8
734.8381141822955,8
734.8381141822955,8
734.8381141822955,8
734.8381141822955,8
734.8381141822955,8
734.8381141822955,8
734.8381141822955,8
734.8381141822955,8
734.8381141822955,8
734.8381141822955,8
734.8381141822955,8
734.8381141822955,8
734.8381141822955,8
734.8381141822955,8
734.8381141822955,8
734.8381141822955,8
734.8381141822955,8
734.8381141822955,8
734.8381141822955,8
734.8381141822955,8
734.8381141822955,8
734.8381141822955,8
734.8381141822955,8
734.8381141822955,8
734.8381141822955,8
734.8381141822955,8
734.8381141822955,8
734.8381141822955,8
734.8381141822955,8
734.8381141822955,8
734.8381141822955,8
734.8381141822955,8
734.8381141822955,8
734.8381141822955,8
734.8381141822955,8
734.8381141822955,8
734.8381141822955,8
734.8381141822955,8
734.8381141822955,8
734.8381141822955,8
734.8381141822955,8
734.8381141822955,8
734.8381141822955,8
734.8381141822955,8
734.8381141822955,8
734.8381141822955,8
734.8381141822955,8
734.8381141822955,8
734.8381141822955,8
734.8381141822955,8
734.8381141822955,8
734.8381141822955,8
734.8381141822955,8
734.8381141822955,8
734.8381141822955,8
734.8381141822955,8
734.8381141822955,8
734.8381141822955,8
734.8381141822955,8
734.8381141822955,8
734.8381141822955,8
734.8381141822955,8
734.8381141822955,8
734.8381141822955,8
734.8381141822955,8
734.8381141822955,8
734.8381141822955,8
734.8381141822955,8
734.8381141822955,8
734.8381141822955,8
734.8381141822955,8
734.8381141822955,8
734.8381141822955,8
734.8381141822955,8
734.8381141822955,8
734.8381141822955,8
734.8381141822955,8
734.8381141822955,8
734.8381141822955,8
734.8381141822955,8
734.8381141822955,8
734.8381141822955,8
734.8381141822955,8
734.8381141822955,8
734.8381141822955,8
734.8381141822955,8
734.8381141822955,8
732.0338729858569,9
732.0338729858569,9
732.0338729858569,9
732.0338729858569,9
732.0338729858569,9
732.0338729858569,9
732.0338729858569,9
723.4231546365262,9
723.4231546365262,9
723.4231546365262,9
723.4231546365262,9
723.4231546365262,9
723.4231546365262,9
723.4231546365262,9
723.4231546365262,9
723.4231546365262,9
723.4231546365262,9
723.4231546365262,9
723.4231546365262,9
723.4231546365262,9
723.4231546365262,9
723.4231546365262,9
723.4231546365262,9
723.4231546365262,9
723.4231546365262,9
723.4231546365262,9
723.4231546365262,9
723.4231546365262,9
723.4231546365262,9
723.4231546365262,9
723.4231546365262,9
722.5105703229177,9
722.5105703229177,9
722.5105703229177,9
722.5105703229177,9
722.5105703229177,9
722.5105703229177,9
722.5105703229177,9
718.1124402770153,9
718.1124402770153,9
718.1124402770153,9
718.1124402770153,9
718.1124402770153,9
718.1124402770153,9
718.1124402770153,9
718.1124402770153,9
718.1124402770153,9
718.1124402770153,9
718.1124402770153,9
718.1124402770153,9
718.1124402770153,9
718.1124402770153,9
718.1124402770153,9
718.1124402770153,9
718.1124402770153,9
700.9041287873243,9
685.6145168241918,8
668.2740926626515,8
643.1037980690636,7
643.1037980690636,7
643.1037980690636,7
643.1037980690636,7
643.1037980690636,7
643.1037980690636,7
643.1037980690636,7
643.1037980690636,7
643.1037980690636,7
637.9121923517101,7
637.9121923517101,7
637.9121923517101,7
637.9121923517101,7
637.9121923517101,7
637.9121923517101,7
637.9121923517101,7
637.9121923517101,7
637.9121923517101,7
637.9121923517101,7
637.9121923517101,7
637.9121923517101,7
637.9121923517101,7
632.6689423297381,7
632.6689423297381,7
632.6689423297381,7
632.6689423297381,7
632.6689423297381,7
632.6689423297381,7
631.0655938052956,7
631.0655938052956,7
631.0655938052956,7
631.0655938052956,7
631.0655938052956,7
631.0655938052956,7
631.0655938052956,7
631.0655938052956,7
631.0655938052956,7
631.0655938052956,7
631.0655938052956,7
631.0655938052956,7
631.0655938052956,7
631.0655938052956,7
631.0655938052956,7
631.0655938052956,7
631.0655938052956,7
631.0655938052956,7
631.0655938052956,7
631.0655938052956,7
631.0655938052956,7
631.0655938052956,7
631.0655938052956,7
631.0655938052956,7
631.0655938052956,7
631.0655938052956,7
631.0655938052956,7
631.0655938052956,7
631.0655938052956,7
631.0655938052956,7
631.0655938052956,7
631.0655938052956,7
631.0655938052956,7
631.0655938052956,7
631.0655938052956,7
631.0655938052956,7
631.0655938052956,7
631.0655938052956,7
631.0655938052956,7
631.0655938052956,7
631.0655938052956,7
631.0655938052956,7
631.0655938052956,7
631.0655938052956,7
631.0655938052956,7
631.0655938052956,7
631.0655938052956,7
631.0655938052956,7
631.0655938052956,7
631.0655938052956,7
631.0655938052956,7
631.0655938052956,7
631.0655938052956,7
631.0655938052956,7
631.0655938052956,7
631.0655938052956,7
631.0655938052956,7
631.0655938052956,7
631.0655938052956,7
631.0655938052956,7
631.0655938052956,7
631.0655938052956,7
631.0655938052956,7
631.0655938052956,7
631.0655938052956,7
631.0655938052956,7
631.0655938052956,7
631.0655938052956,7
631.0655938052956,7
631.0655938052956,7
631.0655938052956,7
631.0655938052956,7
631.0655938052956,7
631.0655938052956,7
631.0655938052956,7
631.0655938052956,7
631.0655938052956,7
631.0655938052956,7
631.0655938052956,7
631.0655938052956,7
631.0655938052956,7
631.0655938052956,7
631.0655938052956,7
631.0655938052956,7
631.0655938052956,7
631.0655938052956,7
631.0655938052956,7
631.0655938052956,7
631.0655938052956,7
631.0655938052956,7
631.0655938052956,7
631.0655938052956,7
631.0655938052956,7
631.0655938052956,7
631.0655938052956,7
631.0655938052956,7
631.0655938052956,7
631.0655938052956,7
631.0655938052956,7
631.0655938052956,7
631.0655938052956,7
631.0655938052956,7
631.0655938052956,7
631.0655938052956,7
631.0655938052956,7
631.0655938052956,7
631.0655938052956,7
631.0655938052956,7
631.0655938052956,7
631.0655938052956,7
631.0655938052956,7
631.0655938052956,7
631.0655938052956,7
631.0655938052956,7
631.0655938052956,7
631.0655938052956,7
631.0655938052956,7
631.0655938052956,7
631.0655938052956,7
631.0655938052956,7
631.0655938052956,7
631.0655938052956,7
631.0655938052956,7
631.0655938052956,7
631.0655938052956,7
631.0655938052956,7
631.0655938052956,7
631.0655938052956,7
631.0655938052956,7
631.0655938052956,7
631.0655938052956,7
631.0655938052956,7
631.0655938052956,7
631.0655938052956,7
631.0655938052956,7
631.0655938052956,7
631.0655938052956,7
631.0655938052956,7
631.0655938052956,7
631.0655938052956,7
631.0655938052956,7
631.0655938052956,7
631.0655938052956,7
631.0655938052956,7
631.0655938052956,7
631.0655938052956,7
631.0655938052956,7
631.0655938052956,7
631.0655938052956,7
631.0655938052956,7
631.0655938052956,7
631.0655938052956,7
631.0655938052956,7
631.0655938052956,7
631.0655938052956,7
631.0655938052956,7
631.0655938052956,7
631.0655938052956,7
631.0655938052956,7
631.0655938052956,7
631.0655938052956,7
631.0655938052956,7
631.0655938052956,7
631.0655938052956,7
631.0655938052956,7
631.0655938052956,7
631.0655938052956,7
624.3634775800873,7
624.3634775800873,7
624.3634775800873,7
624.3634775800873,7
624.3634775800873,7
624.3634775800873,7
624.3634775800873,7
624.3634775800873,7
624.3634775800873,7
624.3634775800873,7
624.3634775800873,7
624.3634775800873,7
624.3634775800873,7
624.3634775800873,7
624.3634775800873,7
624.3634775800873,7
624.3634775800873,7
624.3634775800873,7
624.3634775800873,7
624.3634775800873,7
624.3634775800873,7
624.3634775800873,7
624.3634775800873,7
624.3634775800873,7
624.3634775800873,7
624.3634775800873,7
624.3634775800873,7
624.3634775800873,7
624.3634775800873,7
624.3634775800873,7
624.3634775800873,7
624.3634775800873,7
624.3634775800873,7
624.3634775800873,7
624.3634775800873,7
624.3634775800873,7
624.3634775800873,7
624.3634775800873,7
624.3634775800873,7
624.3634775800873,7
624.3634775800873,7
624.3634775800873,7
624.3634775800873,7
624.3634775800873,7
624.3634775800873,7
624.3634775800873,7
624.3634775800873,7
624.3634775800873,7
624.3634775800873,7
624.3634775800873,7
624.3634775800873,7
624.3634775800873,7
624.3634775800873,7
624.3634775800873,7
624.3634775800873,7
624.3634775800873,7
624.3634775800873,7
624.3634775800873,7
624.3634775800873,7
624.3634775800873,7
624.3634775800873,7
624.3634775800873,7
624.3634775800873,7
624.3634775800873,7
624.3634775800873,7
624.3634775800873,7
624.3634775800873,7
624.3634775800873,7
624.3634775800873,7
624.3634775800873,7
624.3634775800873,7
624.3634775800873,7
624.3634775800873,7
624.3634775800873,7
624.3634775800873,7
624.3634775800873,7
624.3634775800873,7
624.3634775800873,7
624.3634775800873,7
624.3634775800873,7
624.3634775800873,7
624.3634775800873,7
624.3634775800873,7
624.3634775800873,7
624.3634775800873,7
624.3634775800873,7
624.3634775800873,7
624.3634775800873,7
624.3634775800873,7
624.3634775800873,7
624.3634775800873,7
624.3634775800873,7
624.3634775800873,7
624.3634775800873,7
624.3634775800873,7
624.3634775800873,7
624.3634775800873,7
624.3634775800873,7
624.3634775800873,7
624.3634775800873,7
624.3634775800873,7
624.3634775800873,7
624.3634775800873,7
624.3634775800873,7
624.3634775800873,7
624.3634775800873,7
624.3634775800873,7
624.3634775800873,7
624.3634775800873,7
624.3634775800873,7
624.3634775800873,7
624.3634775800873,7
624.3634775800873,7
624.3634775800873,7
624.3634775800873,7
624.3634775800873,7
624.3634775800873,7
624.3634775800873,7
624.3634775800873,7
624.3634775800873,7
624.3634775800873,7
624.3634775800873,7
624.3634775800873,7
624.3634775800873,7
624.3634775800873,7
624.3634775800873,7
624.3634775800873,7
624.3634775800873,7
624.3634775800873,7
624.3634775800873,7
624.3634775800873,7
624.3634775800873,7
624.3634775800873,7
624.3634775800873,7
624.3634775800873,7
624.3634775800873,7
624.3634775800873,7
624.3634775800873,7
624.3634775800873,7
624.3634775800873,7
624.3634775800873,7
624.3634775800873,7
624.3634775800873,7
624.3634775800873,7
624.3634775800873,7
624.3634775800873,7
624.3634775800873,7
624.3634775800873,7
624.3634775800873,7
624.3634775800873,7
624.3634775800873,7
624.3634775800873,7
624.3634775800873,7
624.3634775800873,7
624.3634775800873,7
624.3634775800873,7
624.3634775800873,7
624.3634775800873,7
624.3634775800873,7
624.3634775800873,7
624.3634775800873,7
624.3634775800873,7
624.3634775800873,7
624.3634775800873,7
624.3634775800873,7
624.3634775800873,7
624.3634775800873,7
624.3634775800873,7
624.3634775800873,7
624.3634775800873,7
624.3634775800873,7
624.3634775800873,7
624.3634775800873,7
624.3634775800873,7
624.3634775800873,7
624.3634775800873,7
624.3634775800873,7
624.3634775800873,7
624.3634775800873,7
624.3634775800873,7
624.3634775800873,7
624.3634775800873,7
624.3634775800873,7
624.3634775800873,7
624.3634775800873,7
624.3634775800873,7
624.3634775800873,7
624.3634775800873,7
624.3634775800873,7
624.3634775800873,7
624.3634775800873,7
624.3634775800873,7
624.3634775800873,7
624.3634775800873,7
624.3634775800873,7
624.3634775800873,7
624.3634775800873,7
624.3634775800873,7
624.3634775800873,7
624.3634775800873,7
624.3634775800873,7
624.3634775800873,7
624.3634775800873,7
624.3634775800873,7
624.3634775800873,7
624.3634775800873,7
624.3634775800873,7
624.3634775800873,7
624.3634775800873,7
624.3634775800873,7
624.3634775800873,7
624.3634775800873,7
624.3634775800873,7
624.3634775800873,7
624.3634775800873,7
624.3634775800873,7
624.3634775800873,7
624.3634775800873,7
624.3634775800873,7
624.3634775800873,7
624.3634775800873,7
624.3634775800873,7
624.3634775800873,7
624.3634775800873,7
624.3634775800873,7
624.3634775800873,7
624.3634775800873,7
624.3634775800873,7
624.3634775800873,7
624.3634775800873,7
624.3634775800873,7
624.3634775800873,7
624.3634775800873,7
624.3634775800873,7
624.3634775800873,7
624.3634775800873,7
624.3634775800873,7
624.3634775800873,7
624.3634775800873,7
624.3634775800873,7
624.3634775800873,7
624.3634775800873,7
624.3634775800873,7
624.3634775800873,7
624.3634775800873,7
624.3634775800873,7
624.3634775800873,7
624.3634775800873,7
624.3634775800873,7
624.3634775800873,7
624.3634775800873,7
624.3634775800873,7
624.3634775800873,7
624.3634775800873,7
624.3634775800873,7
624.3634775800873,7
624.3634775800873,7
624.3634775800873,7
624.3634775800873,7
624.3634775800873,7
624.3634775800873,7
624.3634775800873,7
624.3634775800873,7
624.3634775800873,7
624.3634775800873,7
624.3634775800873,7
624.3634775800873,7
624.3634775800873,7
624.3634775800873,7
624.3634775800873,7
624.3634775800873,7
624.3634775800873,7
624.3634775800873,7
624.3634775800873,7
624.3634775800873,7
624.3634775800873,7
624.3634775800873,7
624.3634775800873,7
624.3634775800873,7
624.3634775800873,7
624.3634775800873,7
624.3634775800873,7
624.3634775800873,7
624.3634775800873,7
624.3634775800873,7
624.3634775800873,7
624.3634775800873,7
624.3634775800873,7
624.3634775800873,7
624.3634775800873,7
624.3634775800873,7
624.3634775800873,7
624.3634775800873,7
624.3634775800873,7
624.3634775800873,7
624.3634775800873,7
624.3634775800873,7
624.3634775800873,7
624.3634775800873,7
624.3634775800873,7
624.3634775800873,7
624.3634775800873,7
624.3634775800873,7
624.3634775800873,7
624.3634775800873,7
624.3634775800873,7
624.3634775800873,7
624.3634775800873,7
624.3634775800873,7
624.3634775800873,7
624.3634775800873,7
624.3634775800873,7
624.3634775800873,7
624.3634775800873,7
624.3634775800873,7
624.3634775800873,7
624.3634775800873,7
624.3634775800873,7
624.3634775800873,7
624.3634775800873,7
624.3634775800873,7
624.3634775800873,7
624.3634775800873,7
624.3634775800873,7
624.3634775800873,7
624.3634775800873,7
624.3634775800873,7
624.3634775800873,7
624.3634775800873,7
624.3634775800873,7
624.3634775800873,7
624.3634775800873,7
624.3634775800873,7
624.3634775800873,7
624.3634775800873,7
624.3634775800873,7
624.3634775800873,7
624.3634775800873,7
624.3634775800873,7
624.3634775800873,7
624.3634775800873,7
624.3634775800873,7
624.3634775800873,7
624.3634775800873,7
624.3634775800873,7
624.3634775800873,7
624.3634775800873,7
624.3634775800873,7
624.3634775800873,7
624.3634775800873,7
624.3634775800873,7
624.3634775800873,7
624.3634775800873,7
624.3634775800873,7
624.3634775800873,7
624.3634775800873,7
624.3634775800873,7
624.3634775800873,7
624.3634775800873,7
624.3634775800873,7
624.3634775800873,7
624.3634775800873,7
624.3634775800873,7
624.3634775800873,7
624.3634775800873,7
624.3634775800873,7
624.3634775800873,7
624.3634775800873,7
624.3634775800873,7
624.3634775800873,7
624.3634775800873,7
624.3634775800873,7
624.3634775800873,7
624.3634775800873,7
624.3634775800873,7
624.3634775800873,7
624.3634775800873,7
624.3634775800873,7
624.3634775800873,7
624.3634775800873,7
624.3634775800873,7
624.3634775800873,7
624.3634775800873,7
624.3634775800873,7
624.3634775800873,7
624.3634775800873,7
