1246.1601802480773,24
1194.5914042082613,23
1157.2275624725507,22
1155.2612292547308,22
1128.2516870707282,21
1086.7234386844066,20
1086.7234386844066,20
1073.0548018222719,19
1040.4886364424424,18
1040.4886364424424,18
1031.52655343595,18
1026.0588341485272,17
1026.0588341485272,17
1026.0588341485272,17
1026.0588341485272,17
1003.6870258391907,16
1003.6870258391907,16
976.5885797467841,16
938.1782023070684,15
885.7201444057193,14
885.7201444057193,14
885.7201444057193,14
885.7201444057193,14
885.7201444057193,14
885.7201444057193,14
885.7201444057193,14
885.7201444057193,14
885.7201444057193,14
885.7201444057193,14
885.7201444057193,14
885.7201444057193,14
880.6226224871062,13
855.4050994549942,13
855.4050994549942,13
855.4050994549942,13
855.4050994549942,13
855.4050994549942,13
855.4050994549942,13
855.4050994549942,13
855.4050994549942,13
855.4050994549942,13
855.4050994549942,13
855.4050994549942,13
855.4050994549942,13
855.4050994549942,13
855.4050994549942,13
855.4050994549942,13
855.4050994549942,13
855.4050994549942,13
855.4050994549942,13
855.4050994549942,13
855.4050994549942,13
855.4050994549942,13
855.4050994549942,13
855.4050994549942,13
855.4050994549942,13
855.4050994549942,13
855.4050994549942,13
855.4050994549942,13
855.4050994549942,13
855.4050994549942,13
855.4050994549942,13
855.4050994549942,13
855.4050994549942,13
855.4050994549942,13
855.4050994549942,13
855.4050994549942,13
855.4050994549942,13
855.4050994549942,13
855.4050994549942,13
855.4050994549942,13
855.4050994549942,13
855.4050994549942,13
855.4050994549942,13
855.4050994549942,13
855.4050994549942,13
855.4050994549942,13
855.4050994549942,13
855.4050994549942,13
855.4050994549942,13
852.8316971420115,12
852.8316971420115,12
827.0489329038635,12
810.6182064361549,11
810.6182064361549,11
810.6182064361549,11
810.6182064361549,11
810.6182064361549,11
810.6182064361549,11
810.6182064361549,11
810.6182064361549,11
810.6182064361549,11
810.6182064361549,11
810.6182064361549,11
810.6182064361549,11
810.6182064361549,11
810.6182064361549,11
810.6182064361549,11
810.6182064361549,11
810.6182064361549,11
810.6182064361549,11
810.6182064361549,11
810.6182064361549,11
810.6182064361549,11
810.6182064361549,11
810.6182064361549,11
810.6182064361549,11
810.6182064361549,11
810.6182064361549,11
810.6182064361549,11
810.6182064361549,11
810.6182064361549,11
810.6182064361549,11
810.6182064361549,11
810.6182064361549,11
810.6182064361549,11
810.6182064361549,11
810.6182064361549,11
810.6182064361549,11
810.6182064361549,11
810.6182064361549,11
810.6182064361549,11
810.6182064361549,11
810.6182064361549,11
810.6182064361549,11
810.6182064361549,11
810.6182064361549,11
810.6182064361549,11
810.6182064361549,11
810.6182064361549,11
810.6182064361549,11
810.6182064361549,11
810.6182064361549,11
810.6182064361549,11
810.6182064361549,11
810.6182064361549,11
810.6182064361549,11
810.6182064361549,11
810.6182064361549,11
810.6182064361549,11
810.6182064361549,11
810.6182064361549,11
810.6182064361549,11
810.6182064361549,11
810.6182064361549,11
810.6182064361549,11
810.6182064361549,11
810.6182064361549,11
810.6182064361549,11
810.6182064361549,11
810.6182064361549,11
810.6182064361549,11
810.6182064361549,11
810.6182064361549,11
810.6182064361549,11
810.6182064361549,11
810.6182064361549,11
810.6182064361549,11
810.6182064361549,11
810.6182064361549,11
810.6182064361549,11
810.6182064361549,11
810.6182064361549,11
810.6182064361549,11
810.6182064361549,11
810.6182064361549,11
810.6182064361549,11
810.6182064361549,11
810.6182064361549,11
810.6182064361549,11
810.6182064361549,11
797.7878684519424,11
797.7878684519424,11
797.7878684519424,11
797.7878684519424,11
797.7878684519424,11
797.7878684519424,11
797.7878684519424,11
797.7878684519424,11
797.7878684519424,11
797.7878684519424,11
797.7878684519424,11
797.7878684519424,11
797.7878684519424,11
797.7878684519424,11
784.4907879566421,10
784.4907879566421,10
784.4907879566421,10
784.4907879566421,10
784.4907879566421,10
752.6743851718923,10
752.6743851718923,10
752.6743851718923,10
752.6743851718923,10
752.6743851718923,10
752.6743851718923,10
752.6743851718923,10
752.6743851718923,10
752.6743851718923,10
752.6743851718923,10
752.6743851718923,10
752.6743851718923,10
752.6743851718923,10
752.6743851718923,10
752.6743851718923,10
752.6743851718923,10
752.6743851718923,10
752.6743851718923,10
752.6743851718923,10
752.6743851718923,10
752.6743851718923,10
752.6743851718923,10
752.6743851718923,10
752.6743851718923,10
752.6743851718923,10
752.6743851718923,10
752.6743851718923,10
752.6743851718923,10
752.6743851718923,10
752.6743851718923,10
752.6743851718923,10
752.6743851718923,10
752.6743851718923,10
752.6743851718923,10
752.6743851718923,10
752.6743851718923,10
738.5279066508946,9
738.5279066508946,9
738.5279066508946,9
738.5279066508946,9
738.5279066508946,9
738.5279066508946,9
738.5279066508946,9
738.5279066508946,9
738.5279066508946,9
738.5279066508946,9
735.9182611955125,9
735.9182611955125,9
735.9182611955125,9
730.9747605090655,9
730.9747605090655,9
730.9747605090655,9
730.9747605090655,9
730.9747605090655,9
730.9747605090655,9
730.9747605090655,9
726.4880237942423,9
724.8472623536421,10
724.8472623536421,10
724.8472623536421,10
724.8472623536421,10
724.8472623536421,10
724.8472623536421,10
724.8472623536421,10
724.8472623536421,10
724.8472623536421,10
724.8472623536421,10
724.8472623536421,10
724.8472623536421,10
724.8472623536421,10
719.88135743259,10
705.1323305467557,9
705.1323305467557,9
705.1323305467557,9
705.1323305467557,9
705.1323305467557,9
705.1323305467557,9
705.1323305467557,9
705.1323305467557,9
705.1323305467557,9
705.1323305467557,9
705.1323305467557,9
705.1323305467557,9
705.1323305467557,9
705.1323305467557,9
705.1323305467557,9
705.1323305467557,9
705.1323305467557,9
705.1323305467557,9
705.1323305467557,9
705.1323305467557,9
695.04599849806,9
695.04599849806,9
695.04599849806,9
695.04599849806,9
695.04599849806,9
695.04599849806,9
695.04599849806,9
695.04599849806,9
695.04599849806,9
695.04599849806,9
695.04599849806,9
695.04599849806,9
695.04599849806,9
695.04599849806,9
695.04599849806,9
695.04599849806,9
695.04599849806,9
678.4979832200461,8
678.4979832200461,8
678.4979832200461,8
678.4979832200461,8
678.4979832200461,8
678.4979832200461,8
678.4979832200461,8
672.5149760537876,8
672.5149760537876,8
672.5149760537876,8
672.5149760537876,8
672.5149760537876,8
671.2981192062283,8
671.2981192062283,8
671.2981192062283,8
671.2981192062283,8
671.2981192062283,8
671.2981192062283,8
671.2981192062283,8
671.2981192062283,8
671.2981192062283,8
671.2981192062283,8
671.2981192062283,8
671.2981192062283,8
671.2981192062283,8
671.2981192062283,8
671.2981192062283,8
671.2981192062283,8
671.2981192062283,8
671.2981192062283,8
671.2981192062283,8
668.2703628289083,8
668.2703628289083,8
668.2703628289083,8
668.2703628289083,8
668.2703628289083,8
668.2703628289083,8
668.2703628289083,8
668.2703628289083,8
659.82714456103,8
659.82714456103,8
659.82714456103,8
659.82714456103,8
659.82714456103,8
659.82714456103,8
659.82714456103,8
659.82714456103,8
659.82714456103,8
659.82714456103,8
659.82714456103,8
659.82714456103,8
659.82714456103,8
659.82714456103,8
659.82714456103,8
659.82714456103,8
659.82714456103,8
659.82714456103,8
659.82714456103,8
659.82714456103,8
659.82714456103,8
659.82714456103,8
659.82714456103,8
659.82714456103,8
659.82714456103,8
659.82714456103,8
659.82714456103,8
659.82714456103,8
659.82714456103,8
659.82714456103,8
659.82714456103,8
659.82714456103,8
659.82714456103,8
659.82714456103,8
659.82714456103,8
659.82714456103,8
659.82714456103,8
659.82714456103,8
659.82714456103,8
659.82714456103,8
659.82714456103,8
659.82714456103,8
659.82714456103,8
659.82714456103,8
659.82714456103,8
659.82714456103,8
659.82714456103,8
659.82714456103,8
659.82714456103,8
659.82714456103,8
659.82714456103,8
659.82714456103,8
659.82714456103,8
659.82714456103,8
659.82714456103,8
659.82714456103,8
659.82714456103,8
659.82714456103,8
659.82714456103,8
659.82714456103,8
659.82714456103,8
659.82714456103,8
659.82714456103,8
659.82714456103,8
659.82714456103,8
659.82714456103,8
659.82714456103,8
659.82714456103,8
659.82714456103,8
659.82714456103,8
659.82714456103,8
659.82714456103,8
659.82714456103,8
659.82714456103,8
659.82714456103,8
659.82714456103,8
659.82714456103,8
659.82714456103,8
659.82714456103,8
659.82714456103,8
659.82714456103,8
659.82714456103,8
659.82714456103,8
659.82714456103,8
659.82714456103,8
659.82714456103,8
659.82714456103,8
659.82714456103,8
659.82714456103,8
659.82714456103,8
659.82714456103,8
659.82714456103,8
659.82714456103,8
659.82714456103,8
659.82714456103,8
659.82714456103,8
659.82714456103,8
659.82714456103,8
659.82714456103,8
659.82714456103,8
659.82714456103,8
659.82714456103,8
659.82714456103,8
659.82714456103,8
659.82714456103,8
659.82714456103,8
659.82714456103,8
659.82714456103,8
659.82714456103,8
659.82714456103,8
659.82714456103,8
659.82714456103,8
659.82714456103,8
659.82714456103,8
659.82714456103,8
659.82714456103,8
659.82714456103,8
659.82714456103,8
659.82714456103,8
659.82714456103,8
659.82714456103,8
659.82714456103,8
659.82714456103,8
659.82714456103,8
659.82714456103,8
659.82714456103,8
659.82714456103,8
659.82714456103,8
659.82714456103,8
659.82714456103,8
659.82714456103,8
659.82714456103,8
659.82714456103,8
659.82714456103,8
659.82714456103,8
659.82714456103,8
659.82714456103,8
659.82714456103,8
659.82714456103,8
659.82714456103,8
659.82714456103,8
659.82714456103,8
659.82714456103,8
659.82714456103,8
659.82714456103,8
659.82714456103,8
659.82714456103,8
659.82714456103,8
659.82714456103,8
659.82714456103,8
659.82714456103,8
659.82714456103,8
659.82714456103,8
659.82714456103,8
659.82714456103,8
659.82714456103,8
659.82714456103,8
659.82714456103,8
659.82714456103,8
659.82714456103,8
659.82714456103,8
659.82714456103,8
659.82714456103,8
659.82714456103,8
659.82714456103,8
659.82714456103,8
659.82714456103,8
659.82714456103,8
659.82714456103,8
659.82714456103,8
659.82714456103,8
659.82714456103,8
659.82714456103,8
659.82714456103,8
659.82714456103,8
659.82714456103,8
659.82714456103,8
659.82714456103,8
659.82714456103,8
659.82714456103,8
659.82714456103,8
659.82714456103,8
659.82714456103,8
659.82714456103,8
659.82714456103,8
659.82714456103,8
659.82714456103,8
659.82714456103,8
659.82714456103,8
659.82714456103,8
659.82714456103,8
659.82714456103,8
659.82714456103,8
659.82714456103,8
659.82714456103,8
659.82714456103,8
659.82714456103,8
659.82714456103,8
659.82714456103,8
659.82714456103,8
659.82714456103,8
659.82714456103,8
659.82714456103,8
659.82714456103,8
659.82714456103,8
659.82714456103,8
659.82714456103,8
659.82714456103,8
659.82714456103,8
659.82714456103,8
659.82714456103,8
659.82714456103,8
659.82714456103,8
659.82714456103,8
659.82714456103,8
659.82714456103,8
659.82714456103,8
659.82714456103,8
659.82714456103,8
659.82714456103,8
659.82714456103,8
659.82714456103,8
659.82714456103,8
659.82714456103,8
659.82714456103,8
659.82714456103,8
659.82714456103,8
659.82714456103,8
659.82714456103,8
659.82714456103,8
659.82714456103,8
659.82714456103,8
659.82714456103,8
659.82714456103,8
659.82714456103,8
659.82714456103,8
659.82714456103,8
659.82714456103,8
659.82714456103,8
659.82714456103,8
659.82714456103,8
659.82714456103,8
659.82714456103,8
659.82714456103,8
659.82714456103,8
659.82714456103,8
659.82714456103,8
659.82714456103,8
659.82714456103,8
659.82714456103,8
659.82714456103,8
659.82714456103,8
659.82714456103,8
659.82714456103,8
659.82714456103,8
659.82714456103,8
659.82714456103,8
659.82714456103,8
659.82714456103,8
659.82714456103,8
659.82714456103,8
659.82714456103,8
659.82714456103,8
659.82714456103,8
659.82714456103,8
659.82714456103,8
659.82714456103,8
656.1427082315287,7
656.1427082315287,7
656.1427082315287,7
656.1427082315287,7
656.1427082315287,7
656.1427082315287,7
656.1427082315287,7
656.1427082315287,7
656.1427082315287,7
656.1427082315287,7
656.1427082315287,7
656.1427082315287,7
656.1427082315287,7
656.1427082315287,7
656.1427082315287,7
656.1427082315287,7
656.1427082315287,7
656.1427082315287,7
656.1427082315287,7
656.1427082315287,7
656.1427082315287,7
656.1427082315287,7
656.1427082315287,7
656.1427082315287,7
656.1427082315287,7
656.1427082315287,7
656.1427082315287,7
656.1427082315287,7
656.1427082315287,7
656.1427082315287,7
656.1427082315287,7
656.1427082315287,7
656.1427082315287,7
656.1427082315287,7
656.1427082315287,7
656.1427082315287,7
656.1427082315287,7
656.1427082315287,7
656.1427082315287,7
656.1427082315287,7
656.1427082315287,7
656.1427082315287,7
656.1427082315287,7
656.1427082315287,7
656.1427082315287,7
656.1427082315287,7
656.1427082315287,7
656.1427082315287,7
656.1427082315287,7
656.1427082315287,7
656.1427082315287,7
656.1427082315287,7
656.1427082315287,7
656.1427082315287,7
656.1427082315287,7
656.1427082315287,7
656.1427082315287,7
656.1427082315287,7
656.1427082315287,7
656.1427082315287,7
656.1427082315287,7
656.1427082315287,7
656.1427082315287,7
656.1427082315287,7
656.1427082315287,7
656.1427082315287,7
656.1427082315287,7
656.1427082315287,7
656.1427082315287,7
656.1427082315287,7
656.1427082315287,7
656.1427082315287,7
656.1427082315287,7
656.1427082315287,7
656.1427082315287,7
656.1427082315287,7
656.1427082315287,7
656.1427082315287,7
656.1427082315287,7
656.1427082315287,7
656.1427082315287,7
656.1427082315287,7
656.1427082315287,7
656.1427082315287,7
656.1427082315287,7
656.1427082315287,7
656.1427082315287,7
656.1427082315287,7
656.1427082315287,7
656.1427082315287,7
656.1427082315287,7
656.1427082315287,7
656.1427082315287,7
656.1427082315287,7
656.1427082315287,7
656.1427082315287,7
656.1427082315287,7
656.1427082315287,7
656.1427082315287,7
656.1427082315287,7
656.1427082315287,7
656.1427082315287,7
656.1427082315287,7
656.1427082315287,7
656.1427082315287,7
656.1427082315287,7
656.1427082315287,7
656.1427082315287,7
656.1427082315287,7
656.1427082315287,7
656.1427082315287,7
656.1427082315287,7
656.1427082315287,7
656.1427082315287,7
656.1427082315287,7
656.1427082315287,7
656.1427082315287,7
656.1427082315287,7
656.1427082315287,7
656.1427082315287,7
656.1427082315287,7
656.1427082315287,7
656.1427082315287,7
656.1427082315287,7
656.1427082315287,7
656.1427082315287,7
656.1427082315287,7
656.1427082315287,7
656.1427082315287,7
646.9603640635895,7
646.9603640635895,7
646.9603640635895,7
646.9603640635895,7
646.9603640635895,7
646.9603640635895,7
646.9603640635895,7
646.9603640635895,7
646.9603640635895,7
646.9603640635895,7
646.9603640635895,7
646.9603640635895,7
646.9603640635895,7
646.9603640635895,7
646.9603640635895,7
646.9603640635895,7
646.9603640635895,7
646.9603640635895,7
646.9603640635895,7
646.9603640635895,7
646.9603640635895,7
646.9603640635895,7
646.9603640635895,7
646.9603640635895,7
646.9603640635895,7
646.9603640635895,7
646.9603640635895,7
646.9603640635895,7
646.9603640635895,7
646.9603640635895,7
646.9603640635895,7
646.9603640635895,7
646.9603640635895,7
646.9603640635895,7
646.9603640635895,7
646.9603640635895,7
646.9603640635895,7
646.9603640635895,7
646.9603640635895,7
646.9603640635895,7
646.9603640635895,7
646.9603640635895,7
646.9603640635895,7
646.9603640635895,7
646.9603640635895,7
646.9603640635895,7
646.9603640635895,7
646.9603640635895,7
646.9603640635895,7
646.9603640635895,7
646.9603640635895,7
646.9603640635895,7
646.9603640635895,7
646.9603640635895,7
646.9603640635895,7
646.9603640635895,7
646.9603640635895,7
646.9603640635895,7
646.9603640635895,7
646.9603640635895,7
646.9603640635895,7
646.9603640635895,7
646.9603640635895,7
646.9603640635895,7
646.9603640635895,7
646.9603640635895,7
646.9603640635895,7
646.9603640635895,7
646.9603640635895,7
646.9603640635895,7
646.9603640635895,7
646.9603640635895,7
646.9603640635895,7
646.9603640635895,7
646.9603640635895,7
646.9603640635895,7
646.9603640635895,7
646.9603640635895,7
646.9603640635895,7
646.9603640635895,7
646.9603640635895,7
646.9603640635895,7
646.9603640635895,7
646.9603640635895,7
646.9603640635895,7
646.9603640635895,7
646.9603640635895,7
646.9603640635895,7
646.9603640635895,7
646.9603640635895,7
646.9603640635895,7
646.9603640635895,7
646.9603640635895,7
646.9603640635895,7
646.9603640635895,7
646.9603640635895,7
646.9603640635895,7
646.9603640635895,7
646.9603640635895,7
646.9603640635895,7
646.9603640635895,7
646.9603640635895,7
646.9603640635895,7
646.9603640635895,7
646.9603640635895,7
646.9603640635895,7
646.9603640635895,7
646.9603640635895,7
646.9603640635895,7
646.9603640635895,7
646.9603640635895,7
646.9603640635895,7
646.9603640635895,7
646.9603640635895,7
646.9603640635895,7
646.9603640635895,7
646.9603640635895,7
646.9603640635895,7
646.9603640635895,7
646.9603640635895,7
646.9603640635895,7
646.9603640635895,7
646.9603640635895,7
646.9603640635895,7
646.9603640635895,7
646.9603640635895,7
646.9603640635895,7
646.9603640635895,7
646.9603640635895,7
646.9603640635895,7
646.9603640635895,7
646.9603640635895,7
646.9603640635895,7
646.9603640635895,7
646.9603640635895,7
646.9603640635895,7
646.9603640635895,7
646.9603640635895,7
646.9603640635895,7
646.9603640635895,7
646.9603640635895,7
646.9603640635895,7
646.9603640635895,7
646.9603640635895,7
646.9603640635895,7
646.9603640635895,7
646.9603640635895,7
646.9603640635895,7
646.9603640635895,7
646.9603640635895,7
646.9603640635895,7
646.9603640635895,7
646.9603640635895,7
646.9603640635895,7
646.9603640635895,7
646.9603640635895,7
646.9603640635895,7
646.9603640635895,7
646.9603640635895,7
646.9603640635895,7
646.9603640635895,7
646.9603640635895,7
646.9603640635895,7
646.9603640635895,7
646.9603640635895,7
646.9603640635895,7
646.9603640635895,7
646.9603640635895,7
646.9603640635895,7
646.9603640635895,7
646.9603640635895,7
646.9603640635895,7
646.9603640635895,7
646.9603640635895,7
646.9603640635895,7
646.9603640635895,7
646.9603640635895,7
646.9603640635895,7
646.9603640635895,7
646.9603640635895,7
646.9603640635895,7
646.9603640635895,7
646.9603640635895,7
646.9603640635895,7
646.9603640635895,7
646.9603640635895,7
646.9603640635895,7
646.9603640635895,7
646.9603640635895,7
646.9603640635895,7
646.9603640635895,7
646.9603640635895,7
646.9603640635895,7
646.9603640635895,7
646.9603640635895,7
646.9603640635895,7
646.9603640635895,7
646.9603640635895,7
646.9603640635895,7
646.9603640635895,7
646.9603640635895,7
646.9603640635895,7
646.9603640635895,7
646.9603640635895,7
646.9603640635895,7
646.9603640635895,7
646.9603640635895,7
646.9603640635895,7
646.9603640635895,7
646.9603640635895,7
646.9603640635895,7
646.9603640635895,7
646.9603640635895,7
646.9603640635895,7
646.9603640635895,7
646.9603640635895,7
646.9603640635895,7
646.9603640635895,7
646.9603640635895,7
646.9603640635895,7
646.9603640635895,7
646.9603640635895,7
646.9603640635895,7
646.9603640635895,7
646.9603640635895,7
646.9603640635895,7
646.9603640635895,7
646.9603640635895,7
646.9603640635895,7
646.9603640635895,7
646.9603640635895,7
646.9603640635895,7
646.9603640635895,7
646.9603640635895,7
646.9603640635895,7
646.9603640635895,7
646.9603640635895,7
646.9603640635895,7
646.9603640635895,7
646.9603640635895,7
646.9603640635895,7
646.9603640635895,7
646.9603640635895,7
645.831735056414,7
645.831735056414,7
645.831735056414,7
645.831735056414,7
645.831735056414,7
645.831735056414,7
645.831735056414,7
645.831735056414,7
645.831735056414,7
645.831735056414,7
645.831735056414,7
645.831735056414,7
643.8308108826205,7
637.526270306763,7
637.526270306763,7
637.526270306763,7
637.526270306763,7
637.526270306763,7
637.526270306763,7
637.526270306763,7
637.526270306763,7
637.526270306763,7
637.526270306763,7
637.526270306763,7
