1246.1601802480773,24
1194.5914042082604,23
1173.378200772664,22
1171.6586900314642,22
1163.3116005949696,21
1127.1626651462254,21
1127.1626651462254,21
1105.6421415270252,20
1082.8658899431819,19
1082.8658899431819,19
1082.8658899431819,19
1079.8185177010553,20
1079.8185177010553,20
1079.8185177010553,20
1079.8185177010553,20
1053.4869806512627,19
1049.5022403988237,18
1049.5022403988237,18
1049.5022403988237,18
1049.5022403988237,18
1049.5022403988237,18
1049.5022403988237,18
1041.9046189933263,16
1041.9046189933263,16
1027.9080878598338,17
981.2900423220203,16
971.3719270005001,13
971.3719270005001,13
971.3719270005001,13
971.3719270005001,13
971.3719270005001,13
971.3719270005001,13
971.3719270005001,13
971.3719270005001,13
971.3719270005001,13
971.3719270005001,13
971.3719270005001,13
949.3447902091068,15
949.3447902091068,15
949.3447902091068,15
949.3447902091068,15
949.3447902091068,15
949.3447902091068,15
949.3447902091068,15
949.3447902091068,15
949.3447902091068,15
949.3447902091068,15
949.3447902091068,15
949.3447902091068,15
923.1524212317397,14
918.0389477878327,13
918.0389477878327,13
918.0389477878327,13
883.7761202695776,13
878.6626468256707,12
878.6626468256707,12
853.5051724459252,13
853.5051724459252,13
853.5051724459252,13
853.5051724459252,13
853.5051724459252,13
849.1499403690857,12
849.1499403690857,12
849.1499403690857,12
849.1499403690857,12
849.1499403690857,12
849.1499403690857,12
849.1499403690857,12
849.1499403690857,12
849.1499403690857,12
849.1499403690857,12
849.1499403690857,12
849.1499403690857,12
849.1499403690857,12
849.1499403690857,12
849.1499403690857,12
849.1499403690857,12
849.1499403690857,12
849.1499403690857,12
849.1499403690857,12
849.1499403690857,12
849.1499403690857,12
849.1499403690857,12
849.1499403690857,12
849.1499403690857,12
849.1499403690857,12
849.1499403690857,12
849.1499403690857,12
849.1499403690857,12
849.1499403690857,12
849.1499403690857,12
849.1499403690857,12
849.1499403690857,12
849.1499403690857,12
849.1499403690857,12
849.1499403690857,12
849.1499403690857,12
849.1499403690857,12
849.1499403690857,12
849.1499403690857,12
849.1499403690857,12
849.1499403690857,12
849.1499403690857,12
849.1499403690857,12
849.1499403690857,12
849.1499403690857,12
849.1499403690857,12
849.1499403690857,12
849.1499403690857,12
849.1499403690857,12
849.1499403690857,12
849.1499403690857,12
849.1499403690857,12
849.1499403690857,12
849.1499403690857,12
849.1499403690857,12
849.1499403690857,12
849.1499403690857,12
849.1499403690857,12
849.1499403690857,12
826.4832218183731,11
826.4832218183731,11
826.4832218183731,11
825.983122259024,10
825.983122259024,10
825.983122259024,10
825.983122259024,10
825.983122259024,10
825.983122259024,10
825.983122259024,10
825.983122259024,10
825.983122259024,10
825.983122259024,10
825.983122259024,10
825.983122259024,10
825.983122259024,10
825.983122259024,10
825.983122259024,10
825.983122259024,10
825.983122259024,10
825.983122259024,10
825.983122259024,10
825.983122259024,10
825.983122259024,10
825.983122259024,10
825.983122259024,10
825.983122259024,10
825.983122259024,10
825.983122259024,10
825.983122259024,10
825.983122259024,10
825.983122259024,10
825.983122259024,10
825.983122259024,10
825.983122259024,10
825.983122259024,10
825.983122259024,10
825.983122259024,10
825.983122259024,10
825.983122259024,10
825.983122259024,10
825.983122259024,10
825.983122259024,10
825.983122259024,10
825.983122259024,10
825.983122259024,10
825.983122259024,10
825.983122259024,10
817.8361768309145,11
798.0898180754722,10
798.0898180754722,10
798.0898180754722,10
798.0898180754722,10
798.0898180754722,10
798.0898180754722,10
798.0898180754722,10
798.0898180754722,10
798.0898180754722,10
798.0898180754722,10
786.4670414737882,10
786.4670414737882,10
786.4670414737882,10
786.4670414737882,10
786.4670414737882,10
786.4670414737882,10
786.4670414737882,10
786.4670414737882,10
786.4670414737882,10
786.4670414737882,10
786.4670414737882,10
786.4670414737882,10
786.4670414737882,10
786.4670414737882,10
766.1770762185336,9
766.1770762185336,9
766.1770762185336,9
766.1770762185336,9
766.1770762185336,9
766.1770762185336,9
766.1770762185336,9
766.1770762185336,9
766.1770762185336,9
766.1770762185336,9
766.1770762185336,9
766.1770762185336,9
766.1770762185336,9
766.1770762185336,9
766.1770762185336,9
766.1770762185336,9
766.1770762185336,9
766.1770762185336,9
766.1770762185336,9
766.1770762185336,9
766.1770762185336,9
766.1770762185336,9
766.1770762185336,9
766.1770762185336,9
766.1770762185336,9
766.1770762185336,9
766.1770762185336,9
766.1770762185336,9
766.1770762185336,9
766.1770762185336,9
766.1770762185336,9
766.1770762185336,9
766.1770762185336,9
766.1770762185336,9
766.1770762185336,9
766.1770762185336,9
766.1770762185336,9
766.1770762185336,9
766.1770762185336,9
766.1770762185336,9
766.1770762185336,9
766.1770762185336,9
766.1770762185336,9
766.1770762185336,9
766.1770762185336,9
766.1770762185336,9
766.1770762185336,9
766.1770762185336,9
766.1770762185336,9
766.1770762185336,9
766.1770762185336,9
766.1770762185336,9
766.1770762185336,9
766.1770762185336,9
766.1770762185336,9
766.1770762185336,9
766.1770762185336,9
766.1770762185336,9
766.1770762185336,9
766.1770762185336,9
766.1770762185336,9
766.1770762185336,9
766.1770762185336,9
766.1770762185336,9
766.1770762185336,9
766.1770762185336,9
766.1770762185336,9
766.1770762185336,9
766.1770762185336,9
766.1770762185336,9
766.1770762185336,9
766.1770762185336,9
766.1770762185336,9
766.1770762185336,9
766.1770762185336,9
766.1770762185336,9
766.1770762185336,9
766.1770762185336,9
766.1770762185336,9
766.1770762185336,9
766.1770762185336,9
766.1770762185336,9
766.1770762185336,9
766.1770762185336,9
766.1770762185336,9
766.1770762185336,9
766.1770762185336,9
766.1770762185336,9
766.1770762185336,9
766.1770762185336,9
766.1770762185336,9
766.1770762185336,9
766.1770762185336,9
766.1770762185336,9
766.1770762185336,9
766.1770762185336,9
766.1770762185336,9
766.1770762185336,9
766.1770762185336,9
766.1770762185336,9
766.1770762185336,9
766.1770762185336,9
766.1770762185336,9
766.1770762185336,9
766.1770762185336,9
766.1770762185336,9
766.1770762185336,9
766.1770762185336,9
766.1770762185336,9
766.1770762185336,9
766.1770762185336,9
766.1770762185336,9
766.1770762185336,9
766.1770762185336,9
766.1770762185336,9
766.1770762185336,9
766.1770762185336,9
766.1770762185336,9
766.1770762185336,9
766.1770762185336,9
766.1770762185336,9
766.1770762185336,9
766.1770762185336,9
766.1770762185336,9
766.1770762185336,9
766.1770762185336,9
766.1770762185336,9
766.1770762185336,9
741.6112946446319,10
741.6112946446319,10
741.6112946446319,10
741.6112946446319,10
741.6112946446319,10
741.6112946446319,10
741.6112946446319,10
741.6112946446319,10
741.6112946446319,10
741.6112946446319,10
741.6112946446319,10
741.6112946446319,10
741.6112946446319,10
741.6112946446319,10
741.6112946446319,10
741.6112946446319,10
741.6112946446319,10
741.6112946446319,10
729.7869707955763,9
729.7869707955763,9
729.7869707955763,9
722.0391760627925,9
722.0391760627925,9
722.0391760627925,9
722.0391760627925,9
722.0391760627925,9
722.0391760627925,9
722.0391760627925,9
722.0391760627925,9
722.0391760627925,9
722.0391760627925,9
720.432921267364,9
720.432921267364,9
720.432921267364,9
720.432921267364,9
720.432921267364,9
720.432921267364,9
720.432921267364,9
720.432921267364,9
720.432921267364,9
720.432921267364,9
720.432921267364,9
720.432921267364,9
720.432921267364,9
720.432921267364,9
720.432921267364,9
720.432921267364,9
720.432921267364,9
720.432921267364,9
720.432921267364,9
720.432921267364,9
720.432921267364,9
717.7427391107772,9
717.7427391107772,9
717.7427391107772,9
705.2516167111203,9
705.2516167111203,9
705.2516167111203,9
705.2516167111203,9
698.8992888457703,8
698.8992888457703,8
698.8992888457703,8
698.8992888457703,8
698.8992888457703,8
698.8992888457703,8
698.8992888457703,8
698.8992888457703,8
698.8992888457703,8
698.8992888457703,8
698.8992888457703,8
698.8992888457703,8
698.8992888457703,8
698.8992888457703,8
698.8992888457703,8
698.8992888457703,8
698.8992888457703,8
698.8992888457703,8
698.8992888457703,8
698.8992888457703,8
698.8992888457703,8
698.8992888457703,8
698.8992888457703,8
698.8992888457703,8
698.8992888457703,8
698.8992888457703,8
698.8992888457703,8
698.8992888457703,8
698.8992888457703,8
698.8992888457703,8
698.8992888457703,8
698.8992888457703,8
698.8992888457703,8
698.8992888457703,8
698.8992888457703,8
698.8992888457703,8
698.8992888457703,8
698.8992888457703,8
689.3249180681789,9
689.3249180681789,9
689.3249180681789,9
689.3249180681789,9
689.3249180681789,9
689.3249180681789,9
689.3249180681789,9
689.3249180681789,9
689.3249180681789,9
689.3249180681789,9
689.3249180681789,9
689.3249180681789,9
689.3249180681789,9
689.3249180681789,9
689.3249180681789,9
689.3249180681789,9
689.3249180681789,9
689.3249180681789,9
689.3249180681789,9
689.3249180681789,9
689.3249180681789,9
689.3249180681789,9
689.3249180681789,9
689.3249180681789,9
689.3249180681789,9
689.3249180681789,9
689.3249180681789,9
689.3249180681789,9
689.3249180681789,9
689.3249180681789,9
689.3249180681789,9
689.3249180681789,9
689.3249180681789,9
689.3249180681789,9
689.3249180681789,9
689.3249180681789,9
689.3249180681789,9
689.3249180681789,9
669.700573207632,7
669.700573207632,7
669.700573207632,7
669.700573207632,7
669.700573207632,7
669.700573207632,7
669.700573207632,7
669.700573207632,7
669.700573207632,7
669.700573207632,7
669.700573207632,7
669.700573207632,7
669.700573207632,7
669.700573207632,7
669.700573207632,7
669.700573207632,7
669.700573207632,7
669.700573207632,7
669.700573207632,7
669.700573207632,7
669.700573207632,7
669.700573207632,7
669.700573207632,7
669.700573207632,7
669.700573207632,7
669.700573207632,7
669.700573207632,7
669.700573207632,7
669.700573207632,7
669.700573207632,7
669.700573207632,7
669.700573207632,7
669.700573207632,7
669.700573207632,7
669.700573207632,7
669.700573207632,7
669.700573207632,7
669.700573207632,7
669.700573207632,7
669.700573207632,7
669.700573207632,7
669.700573207632,7
669.700573207632,7
669.700573207632,7
669.700573207632,7
669.700573207632,7
669.700573207632,7
669.700573207632,7
669.700573207632,7
669.700573207632,7
669.700573207632,7
669.700573207632,7
669.700573207632,7
669.700573207632,7
669.700573207632,7
669.700573207632,7
669.700573207632,7
669.700573207632,7
669.700573207632,7
669.700573207632,7
669.700573207632,7
669.700573207632,7
669.700573207632,7
669.700573207632,7
669.700573207632,7
669.700573207632,7
669.700573207632,7
669.700573207632,7
669.700573207632,7
669.700573207632,7
669.700573207632,7
669.700573207632,7
669.700573207632,7
655.4350548389488,7
655.4350548389488,7
655.4350548389488,7
655.4350548389488,7
641.7402218593066,7
641.7402218593066,7
641.7402218593066,7
641.7402218593066,7
641.7402218593066,7
641.7402218593066,7
624.3634775800873,7
624.3634775800873,7
624.3634775800873,7
624.3634775800873,7
624.3634775800873,7
624.3634775800873,7
624.3634775800873,7
624.3634775800873,7
624.3634775800873,7
624.3634775800873,7
624.3634775800873,7
624.3634775800873,7
624.3634775800873,7
624.3634775800873,7
624.3634775800873,7
624.3634775800873,7
624.3634775800873,7
624.3634775800873,7
624.3634775800873,7
624.3634775800873,7
624.3634775800873,7
624.3634775800873,7
624.3634775800873,7
624.3634775800873,7
624.3634775800873,7
624.3634775800873,7
624.3634775800873,7
624.3634775800873,7
624.3634775800873,7
624.3634775800873,7
624.3634775800873,7
624.3634775800873,7
624.3634775800873,7
624.3634775800873,7
624.3634775800873,7
624.3634775800873,7
624.3634775800873,7
624.3634775800873,7
624.3634775800873,7
624.3634775800873,7
624.3634775800873,7
624.3634775800873,7
624.3634775800873,7
624.3634775800873,7
624.3634775800873,7
624.3634775800873,7
624.3634775800873,7
624.3634775800873,7
624.3634775800873,7
624.3634775800873,7
624.3634775800873,7
624.3634775800873,7
624.3634775800873,7
624.3634775800873,7
624.3634775800873,7
624.3634775800873,7
624.3634775800873,7
624.3634775800873,7
624.3634775800873,7
624.3634775800873,7
624.3634775800873,7
624.3634775800873,7
624.3634775800873,7
624.3634775800873,7
624.3634775800873,7
624.3634775800873,7
624.3634775800873,7
624.3634775800873,7
624.3634775800873,7
624.3634775800873,7
624.3634775800873,7
624.3634775800873,7
624.3634775800873,7
624.3634775800873,7
624.3634775800873,7
624.3634775800873,7
624.3634775800873,7
624.3634775800873,7
624.3634775800873,7
624.3634775800873,7
624.3634775800873,7
624.3634775800873,7
624.3634775800873,7
624.3634775800873,7
624.3634775800873,7
624.3634775800873,7
624.3634775800873,7
624.3634775800873,7
624.3634775800873,7
624.3634775800873,7
624.3634775800873,7
624.3634775800873,7
624.3634775800873,7
624.3634775800873,7
624.3634775800873,7
624.3634775800873,7
624.3634775800873,7
624.3634775800873,7
624.3634775800873,7
624.3634775800873,7
624.3634775800873,7
624.3634775800873,7
624.3634775800873,7
624.3634775800873,7
624.3634775800873,7
624.3634775800873,7
624.3634775800873,7
624.3634775800873,7
624.3634775800873,7
624.3634775800873,7
624.3634775800873,7
624.3634775800873,7
624.3634775800873,7
624.3634775800873,7
624.3634775800873,7
624.3634775800873,7
624.3634775800873,7
624.3634775800873,7
624.3634775800873,7
624.3634775800873,7
624.3634775800873,7
624.3634775800873,7
624.3634775800873,7
624.3634775800873,7
624.3634775800873,7
624.3634775800873,7
624.3634775800873,7
624.3634775800873,7
624.3634775800873,7
624.3634775800873,7
624.3634775800873,7
624.3634775800873,7
624.3634775800873,7
624.3634775800873,7
624.3634775800873,7
624.3634775800873,7
624.3634775800873,7
624.3634775800873,7
624.3634775800873,7
624.3634775800873,7
624.3634775800873,7
624.3634775800873,7
624.3634775800873,7
624.3634775800873,7
624.3634775800873,7
624.3634775800873,7
624.3634775800873,7
624.3634775800873,7
624.3634775800873,7
624.3634775800873,7
624.3634775800873,7
624.3634775800873,7
624.3634775800873,7
624.3634775800873,7
624.3634775800873,7
624.3634775800873,7
624.3634775800873,7
624.3634775800873,7
624.3634775800873,7
624.3634775800873,7
624.3634775800873,7
624.3634775800873,7
624.3634775800873,7
624.3634775800873,7
624.3634775800873,7
624.3634775800873,7
624.3634775800873,7
624.3634775800873,7
624.3634775800873,7
624.3634775800873,7
624.3634775800873,7
624.3634775800873,7
624.3634775800873,7
624.3634775800873,7
624.3634775800873,7
624.3634775800873,7
624.3634775800873,7
624.3634775800873,7
624.3634775800873,7
624.3634775800873,7
624.3634775800873,7
624.3634775800873,7
624.3634775800873,7
624.3634775800873,7
624.3634775800873,7
624.3634775800873,7
624.3634775800873,7
624.3634775800873,7
624.3634775800873,7
624.3634775800873,7
624.3634775800873,7
624.3634775800873,7
624.3634775800873,7
624.3634775800873,7
624.3634775800873,7
624.3634775800873,7
624.3634775800873,7
624.3634775800873,7
624.3634775800873,7
624.3634775800873,7
624.3634775800873,7
624.3634775800873,7
624.3634775800873,7
624.3634775800873,7
624.3634775800873,7
624.3634775800873,7
624.3634775800873,7
624.3634775800873,7
624.3634775800873,7
624.3634775800873,7
624.3634775800873,7
624.3634775800873,7
624.3634775800873,7
624.3634775800873,7
624.3634775800873,7
624.3634775800873,7
624.3634775800873,7
624.3634775800873,7
624.3634775800873,7
624.3634775800873,7
624.3634775800873,7
624.3634775800873,7
624.3634775800873,7
624.3634775800873,7
624.3634775800873,7
624.3634775800873,7
624.3634775800873,7
624.3634775800873,7
624.3634775800873,7
624.3634775800873,7
624.3634775800873,7
624.3634775800873,7
624.3634775800873,7
624.3634775800873,7
624.3634775800873,7
624.3634775800873,7
624.3634775800873,7
624.3634775800873,7
624.3634775800873,7
624.3634775800873,7
624.3634775800873,7
624.3634775800873,7
624.3634775800873,7
624.3634775800873,7
624.3634775800873,7
624.3634775800873,7
624.3634775800873,7
624.3634775800873,7
624.3634775800873,7
624.3634775800873,7
624.3634775800873,7
624.3634775800873,7
624.3634775800873,7
624.3634775800873,7
624.3634775800873,7
624.3634775800873,7
624.3634775800873,7
624.3634775800873,7
624.3634775800873,7
624.3634775800873,7
624.3634775800873,7
624.3634775800873,7
624.3634775800873,7
624.3634775800873,7
624.3634775800873,7
624.3634775800873,7
624.3634775800873,7
624.3634775800873,7
624.3634775800873,7
624.3634775800873,7
624.3634775800873,7
624.3634775800873,7
624.3634775800873,7
624.3634775800873,7
624.3634775800873,7
624.3634775800873,7
624.3634775800873,7
624.3634775800873,7
624.3634775800873,7
624.3634775800873,7
624.3634775800873,7
624.3634775800873,7
624.3634775800873,7
624.3634775800873,7
624.3634775800873,7
624.3634775800873,7
624.3634775800873,7
624.3634775800873,7
624.3634775800873,7
624.3634775800873,7
624.3634775800873,7
624.3634775800873,7
624.3634775800873,7
624.3634775800873,7
624.3634775800873,7
624.3634775800873,7
624.3634775800873,7
624.3634775800873,7
624.3634775800873,7
624.3634775800873,7
624.3634775800873,7
624.3634775800873,7
624.3634775800873,7
624.3634775800873,7
624.3634775800873,7
624.3634775800873,7
624.3634775800873,7
624.3634775800873,7
624.3634775800873,7
624.3634775800873,7
624.3634775800873,7
624.3634775800873,7
624.3634775800873,7
624.3634775800873,7
624.3634775800873,7
624.3634775800873,7
624.3634775800873,7
624.3634775800873,7
624.3634775800873,7
624.3634775800873,7
624.3634775800873,7
624.3634775800873,7
624.3634775800873,7
624.3634775800873,7
624.3634775800873,7
624.3634775800873,7
624.3634775800873,7
624.3634775800873,7
624.3634775800873,7
624.3634775800873,7
624.3634775800873,7
624.3634775800873,7
624.3634775800873,7
624.3634775800873,7
624.3634775800873,7
624.3634775800873,7
624.3634775800873,7
624.3634775800873,7
624.3634775800873,7
624.3634775800873,7
624.3634775800873,7
624.3634775800873,7
624.3634775800873,7
624.3634775800873,7
624.3634775800873,7
624.3634775800873,7
624.3634775800873,7
624.3634775800873,7
624.3634775800873,7
624.3634775800873,7
624.3634775800873,7
624.3634775800873,7
624.3634775800873,7
624.3634775800873,7
624.3634775800873,7
624.3634775800873,7
624.3634775800873,7
624.3634775800873,7
624.3634775800873,7
624.3634775800873,7
624.3634775800873,7
624.3634775800873,7
624.3634775800873,7
624.3634775800873,7
624.3634775800873,7
624.3634775800873,7
624.3634775800873,7
624.3634775800873,7
624.3634775800873,7
624.3634775800873,7
624.3634775800873,7
624.3634775800873,7
624.3634775800873,7
624.3634775800873,7
624.3634775800873,7
624.3634775800873,7
624.3634775800873,7
624.3634775800873,7
624.3634775800873,7
624.3634775800873,7
624.3634775800873,7
624.3634775800873,7
624.3634775800873,7
624.3634775800873,7
624.3634775800873,7
624.3634775800873,7
624.3634775800873,7
624.3634775800873,7
624.3634775800873,7
624.3634775800873,7
624.3634775800873,7
624.3634775800873,7
624.3634775800873,7
624.3634775800873,7
624.3634775800873,7
624.3634775800873,7
624.3634775800873,7
624.3634775800873,7
624.3634775800873,7
624.3634775800873,7
624.3634775800873,7
624.3634775800873,7
624.3634775800873,7
624.3634775800873,7
624.3634775800873,7
624.3634775800873,7
624.3634775800873,7
624.3634775800873,7
624.3634775800873,7
624.3634775800873,7
624.3634775800873,7
624.3634775800873,7
624.3634775800873,7
624.3634775800873,7
624.3634775800873,7
624.3634775800873,7
624.3634775800873,7
624.3634775800873,7
624.3634775800873,7
624.3634775800873,7
624.3634775800873,7
624.3634775800873,7
624.3634775800873,7
624.3634775800873,7
624.3634775800873,7
624.3634775800873,7
624.3634775800873,7
624.3634775800873,7
624.3634775800873,7
624.3634775800873,7
624.3634775800873,7
624.3634775800873,7
624.3634775800873,7
624.3634775800873,7
624.3634775800873,7
624.3634775800873,7
624.3634775800873,7
624.3634775800873,7
624.3634775800873,7
624.3634775800873,7
624.3634775800873,7
624.3634775800873,7
624.3634775800873,7
624.3634775800873,7
624.3634775800873,7
624.3634775800873,7
624.3634775800873,7
624.3634775800873,7
624.3634775800873,7
624.3634775800873,7
624.3634775800873,7
624.3634775800873,7
624.3634775800873,7
624.3634775800873,7
624.3634775800873,7
624.3634775800873,7
624.3634775800873,7
624.3634775800873,7
624.3634775800873,7
624.3634775800873,7
624.3634775800873,7
