1246.1601802480773,24
1207.5702325332618,23
1184.5424761559418,22
1166.9122953172318,22
1152.4191498936063,22
1152.4191498936063,22
1111.3898091140265,21
1100.8679078238615,20
1100.8679078238615,20
1100.8679078238615,20
1100.8679078238615,20
1083.8522866366973,19
1053.4903863257564,18
1053.4903863257564,18
1046.101450139346,17
1046.101450139346,17
1046.101450139346,17
1046.101450139346,17
1045.955391799837,18
1033.664021001057,16
1033.664021001057,16
1033.664021001057,16
1033.664021001057,16
1011.8326926954035,17
1011.8326926954035,17
1011.8326926954035,17
1011.8326926954035,17
1011.8326926954035,17
1011.8326926954035,17
1011.4429820318162,15
949.3253615984795,15
949.3253615984795,15
949.3253615984795,15
949.3253615984795,15
949.3253615984795,15
949.3253615984795,15
949.3253615984795,15
949.3253615984795,15
949.3253615984795,15
949.3253615984795,15
949.3253615984795,15
934.3912194181245,14
934.3912194181245,14
934.3912194181245,14
934.3912194181245,14
934.3912194181245,14
934.3912194181245,14
934.3912194181245,14
934.3912194181245,14
934.3912194181245,14
934.3912194181245,14
934.3912194181245,14
934.3912194181245,14
934.3912194181245,14
934.3912194181245,14
934.3912194181245,14
934.3912194181245,14
934.3912194181245,14
934.3912194181245,14
934.3912194181245,14
934.3912194181245,14
934.3912194181245,14
934.3912194181245,14
934.3912194181245,14
934.3912194181245,14
934.3912194181245,14
934.3912194181245,14
934.3912194181245,14
934.3912194181245,14
925.0315230486242,11
925.0315230486242,11
925.0315230486242,11
925.0315230486242,11
925.0315230486242,11
925.0315230486242,11
925.0315230486242,11
925.0315230486242,11
925.0315230486242,11
925.0315230486242,11
925.0315230486242,11
925.0315230486242,11
891.0562829057119,12
891.0562829057119,12
891.0562829057119,12
891.0562829057119,12
891.0562829057119,12
891.0562829057119,12
891.0562829057119,12
891.0562829057119,12
890.2534476870156,11
890.2534476870156,11
890.2534476870156,11
890.2534476870156,11
890.2534476870156,11
890.2534476870156,11
890.2534476870156,11
890.2534476870156,11
890.2534476870156,11
890.2534476870156,11
890.2534476870156,11
890.2534476870156,11
890.2534476870156,11
886.811789597135,11
886.811789597135,11
886.811789597135,11
886.811789597135,11
886.811789597135,11
878.7854190236757,12
878.7854190236757,12
871.7445626598501,12
850.5313592242537,11
850.5313592242537,11
850.5313592242537,11
850.5313592242537,11
847.1758862386176,11
847.1758862386176,11
837.3283390438711,12
837.3283390438711,12
837.3283390438711,12
837.3283390438711,12
837.3283390438711,12
837.3283390438711,12
837.3283390438711,12
837.3283390438711,12
837.3283390438711,12
837.3283390438711,12
815.2944991277035,10
815.2944991277035,10
815.2944991277035,10
815.2944991277035,10
815.2944991277035,10
815.2944991277035,10
815.2944991277035,10
815.2944991277035,10
815.2944991277035,10
815.2944991277035,10
815.2944991277035,10
815.2944991277035,10
815.2944991277035,10
815.2944991277035,10
812.6773626707427,10
812.6773626707427,10
812.6773626707427,10
812.6773626707427,10
812.6773626707427,10
812.6773626707427,10
812.6773626707427,10
812.6773626707427,10
812.6773626707427,10
812.6773626707427,10
812.6773626707427,10
812.6773626707427,10
812.6773626707427,10
812.6773626707427,10
812.6773626707427,10
812.6773626707427,10
812.6773626707427,10
812.6773626707427,10
812.6773626707427,10
812.6773626707427,10
812.6773626707427,10
811.4079311666758,10
802.7515067960418,10
802.7515067960418,10
802.7515067960418,10
802.7515067960418,10
802.7515067960418,10
802.7515067960418,10
802.7515067960418,10
802.7515067960418,10
802.7515067960418,10
802.7515067960418,10
802.7515067960418,10
802.7515067960418,10
802.7515067960418,10
802.7515067960418,10
802.7515067960418,10
802.7515067960418,10
802.7515067960418,10
802.7515067960418,10
802.7515067960418,10
802.7515067960418,10
802.7515067960418,10
802.7515067960418,10
802.7515067960418,10
802.7515067960418,10
802.7515067960418,10
802.7515067960418,10
802.7515067960418,10
802.7515067960418,10
802.7515067960418,10
802.7515067960418,10
802.7515067960418,10
802.7515067960418,10
802.7515067960418,10
802.7515067960418,10
802.7515067960418,10
802.7515067960418,10
802.7515067960418,10
802.7515067960418,10
802.7515067960418,10
802.7515067960418,10
802.7515067960418,10
802.7515067960418,10
802.7515067960418,10
802.7515067960418,10
802.7515067960418,10
802.7515067960418,10
802.7515067960418,10
802.7515067960418,10
802.7515067960418,10
802.7515067960418,10
802.7515067960418,10
802.7515067960418,10
802.7515067960418,10
788.6158803514652,10
788.6158803514652,10
788.6158803514652,10
788.6158803514652,10
788.6158803514652,10
788.6158803514652,10
788.6158803514652,10
788.6158803514652,10
788.6158803514652,10
788.6158803514652,10
788.6158803514652,10
788.6158803514652,10
788.6158803514652,10
788.6158803514652,10
788.6158803514652,10
788.6158803514652,10
788.6158803514652,10
788.6158803514652,10
788.6158803514652,10
788.6158803514652,10
788.6158803514652,10
788.6158803514652,10
788.6158803514652,10
788.6158803514652,10
788.6158803514652,10
788.6158803514652,10
788.6158803514652,10
788.6158803514652,10
788.6158803514652,10
788.6158803514652,10
779.1306757428729,10
779.1306757428729,10
779.1306757428729,10
779.1306757428729,10
779.1306757428729,10
779.1306757428729,10
779.1306757428729,10
779.1306757428729,10
773.2094451744963,10
773.2094451744963,10
773.2094451744963,10
773.2094451744963,10
773.2094451744963,10
773.2094451744963,10
773.2094451744963,10
773.2094451744963,10
773.2094451744963,10
772.8517627361673,10
772.8517627361673,10
772.8517627361673,10
772.8517627361673,10
772.8517627361673,10
772.8517627361673,10
772.8517627361673,10
772.8517627361673,10
772.8517627361673,10
766.4344451547399,9
766.4344451547399,9
766.4344451547399,9
766.4344451547399,9
766.4344451547399,9
766.4344451547399,9
764.572794726548,8
764.572794726548,8
764.572794726548,8
764.572794726548,8
764.572794726548,8
764.572794726548,8
764.572794726548,8
764.572794726548,8
764.572794726548,8
764.572794726548,8
763.2108286046664,9
763.2108286046664,9
763.2108286046664,9
763.2108286046664,9
763.2108286046664,9
759.7877755542327,9
759.7877755542327,9
758.1123380987699,8
758.1123380987699,8
758.1123380987699,8
758.1123380987699,8
758.1123380987699,8
758.1123380987699,8
758.1123380987699,8
758.1123380987699,8
758.1123380987699,8
758.1123380987699,8
758.1123380987699,8
758.1123380987699,8
758.1123380987699,8
758.1123380987699,8
758.1123380987699,8
758.1123380987699,8
758.1123380987699,8
758.1123380987699,8
758.1123380987699,8
758.1123380987699,8
758.1123380987699,8
758.1123380987699,8
758.1123380987699,8
758.1123380987699,8
753.7783174379617,9
753.7783174379617,9
753.7783174379617,9
753.7783174379617,9
753.7783174379617,9
753.7783174379617,9
753.7783174379617,9
747.6578114380602,9
747.6578114380602,9
747.6578114380602,9
743.5994523722152,9
743.5994523722152,9
743.5994523722152,9
718.0120025038059,8
718.0120025038059,8
718.0120025038059,8
718.0120025038059,8
718.0120025038059,8
718.0120025038059,8
718.0120025038059,8
718.0120025038059,8
718.0120025038059,8
718.0120025038059,8
718.0120025038059,8
718.0120025038059,8
718.0120025038059,8
701.9123611178925,8
701.9123611178925,8
701.9123611178925,8
698.5403658818142,8
698.5403658818142,8
698.5403658818142,8
698.5403658818142,8
698.5403658818142,8
698.5403658818142,8
698.5403658818142,8
698.5403658818142,8
698.5403658818142,8
698.5403658818142,8
698.5403658818142,8
698.5403658818142,8
698.5403658818142,8
698.5403658818142,8
698.5403658818142,8
698.5403658818142,8
698.5403658818142,8
698.5403658818142,8
698.5403658818142,8
690.9737983507794,8
690.9737983507794,8
690.9737983507794,8
690.9737983507794,8
690.9737983507794,8
690.9737983507794,8
690.9737983507794,8
690.9737983507794,8
690.9737983507794,8
690.9737983507794,8
690.9737983507794,8
690.9737983507794,8
690.9737983507794,8
690.9737983507794,8
689.4379503454526,8
689.4379503454526,8
689.4379503454526,8
689.4379503454526,8
689.4379503454526,8
689.4379503454526,8
689.4379503454526,8
689.4379503454526,8
689.4379503454526,8
689.4379503454526,8
689.4379503454526,8
689.4379503454526,8
689.4379503454526,8
689.4379503454526,8
689.4379503454526,8
689.4379503454526,8
689.4379503454526,8
689.4379503454526,8
689.4379503454526,8
689.4379503454526,8
685.6765303909638,8
685.6765303909638,8
685.6765303909638,8
668.1121185836939,8
668.1121185836939,8
668.1121185836939,8
668.1121185836939,8
668.1121185836939,8
668.1121185836939,8
668.1121185836939,8
668.1121185836939,8
668.1121185836939,8
668.1121185836939,8
668.1121185836939,8
668.1121185836939,8
668.1121185836939,8
668.1121185836939,8
668.1121185836939,8
668.1121185836939,8
668.1121185836939,8
668.1121185836939,8
668.1121185836939,8
668.1121185836939,8
668.1121185836939,8
668.1121185836939,8
668.1121185836939,8
668.1121185836939,8
668.1121185836939,8
668.1121185836939,8
668.1121185836939,8
668.1121185836939,8
668.1121185836939,8
668.1121185836939,8
668.1121185836939,8
668.1121185836939,8
668.1121185836939,8
668.1121185836939,8
668.1121185836939,8
668.1121185836939,8
668.1121185836939,8
668.1121185836939,8
668.1121185836939,8
668.1121185836939,8
668.1121185836939,8
668.1121185836939,8
668.1121185836939,8
668.1121185836939,8
668.1121185836939,8
668.1121185836939,8
668.1121185836939,8
668.1121185836939,8
668.1121185836939,8
668.1121185836939,8
668.1121185836939,8
668.1121185836939,8
668.1121185836939,8
668.1121185836939,8
668.1121185836939,8
668.1121185836939,8
668.1121185836939,8
668.1121185836939,8
668.1121185836939,8
668.1121185836939,8
668.1121185836939,8
668.1121185836939,8
668.1121185836939,8
668.1121185836939,8
668.1121185836939,8
668.1121185836939,8
668.1121185836939,8
668.1121185836939,8
668.1121185836939,8
668.1121185836939,8
668.1121185836939,8
656.4430576269717,8
656.4430576269717,8
656.4430576269717,8
656.4430576269717,8
656.4430576269717,8
656.4430576269717,8
656.4430576269717,8
656.4430576269717,8
656.4430576269717,8
656.4430576269717,8
656.4430576269717,8
656.4430576269717,8
656.4430576269717,8
656.4430576269717,8
656.4430576269717,8
656.4430576269717,8
656.4430576269717,8
656.4430576269717,8
656.4430576269717,8
656.4430576269717,8
656.4430576269717,8
656.4430576269717,8
656.4430576269717,8
656.4430576269717,8
656.4430576269717,8
656.4430576269717,8
656.4430576269717,8
656.4430576269717,8
656.4430576269717,8
656.4430576269717,8
656.4430576269717,8
656.4430576269717,8
656.4430576269717,8
656.4430576269717,8
656.4430576269717,8
656.4430576269717,8
656.4430576269717,8
656.4430576269717,8
656.4430576269717,8
656.4430576269717,8
656.4430576269717,8
656.4430576269717,8
656.4430576269717,8
656.4430576269717,8
656.4430576269717,8
656.4430576269717,8
656.4430576269717,8
656.4430576269717,8
656.4430576269717,8
656.4430576269717,8
656.4430576269717,8
656.4430576269717,8
656.4430576269717,8
656.4430576269717,8
656.4430576269717,8
656.4430576269717,8
656.4430576269717,8
656.4430576269717,8
656.4430576269717,8
656.4430576269717,8
656.4430576269717,8
656.4430576269717,8
656.4430576269717,8
656.4430576269717,8
656.4430576269717,8
656.4430576269717,8
656.4430576269717,8
656.4430576269717,8
656.4430576269717,8
656.4430576269717,8
656.4430576269717,8
656.4430576269717,8
656.4430576269717,8
656.4430576269717,8
656.4430576269717,8
656.4430576269717,8
656.4430576269717,8
656.4430576269717,8
656.4430576269717,8
656.4430576269717,8
656.4430576269717,8
656.4430576269717,8
656.4430576269717,8
656.4430576269717,8
656.4430576269717,8
656.4430576269717,8
656.4430576269717,8
656.4430576269717,8
656.4430576269717,8
656.4430576269717,8
656.4430576269717,8
656.4430576269717,8
656.4430576269717,8
656.4430576269717,8
656.4430576269717,8
656.4430576269717,8
656.4430576269717,8
656.4430576269717,8
656.4430576269717,8
656.4430576269717,8
656.4430576269717,8
656.4430576269717,8
656.4430576269717,8
656.4430576269717,8
656.4430576269717,8
656.4430576269717,8
656.4430576269717,8
656.4430576269717,8
656.4430576269717,8
656.4430576269717,8
656.4430576269717,8
656.4430576269717,8
656.4430576269717,8
656.4430576269717,8
656.4430576269717,8
656.4430576269717,8
656.4430576269717,8
656.4430576269717,8
656.4430576269717,8
656.4430576269717,8
656.4430576269717,8
656.4430576269717,8
656.4430576269717,8
656.4430576269717,8
656.4430576269717,8
656.4430576269717,8
656.4430576269717,8
656.4430576269717,8
656.4430576269717,8
656.4430576269717,8
656.4430576269717,8
656.4430576269717,8
656.4430576269717,8
656.4430576269717,8
656.4430576269717,8
656.4430576269717,8
656.4430576269717,8
656.4430576269717,8
656.4430576269717,8
656.4430576269717,8
656.4430576269717,8
656.4430576269717,8
656.4430576269717,8
656.4430576269717,8
656.4430576269717,8
656.4430576269717,8
656.4430576269717,8
656.4430576269717,8
656.4430576269717,8
656.4430576269717,8
656.4430576269717,8
656.4430576269717,8
656.4430576269717,8
656.4430576269717,8
656.4430576269717,8
656.4430576269717,8
656.4430576269717,8
656.4430576269717,8
656.4430576269717,8
656.4430576269717,8
656.4430576269717,8
656.4430576269717,8
656.4430576269717,8
656.4430576269717,8
656.4430576269717,8
656.4430576269717,8
656.4430576269717,8
656.4430576269717,8
656.4430576269717,8
656.4430576269717,8
656.4430576269717,8
656.4430576269717,8
656.4430576269717,8
656.4430576269717,8
656.4430576269717,8
656.4430576269717,8
656.4430576269717,8
656.4430576269717,8
656.4430576269717,8
656.4430576269717,8
656.4430576269717,8
656.4430576269717,8
656.4430576269717,8
656.4430576269717,8
656.4430576269717,8
656.4430576269717,8
656.4430576269717,8
656.4430576269717,8
656.4430576269717,8
656.4430576269717,8
656.4430576269717,8
656.4430576269717,8
656.4430576269717,8
656.4430576269717,8
656.4430576269717,8
656.4430576269717,8
656.4430576269717,8
656.4430576269717,8
656.4430576269717,8
656.4430576269717,8
656.4430576269717,8
656.4430576269717,8
656.4430576269717,8
656.4430576269717,8
656.4430576269717,8
656.4430576269717,8
656.4430576269717,8
656.4430576269717,8
656.4430576269717,8
656.4430576269717,8
656.4430576269717,8
656.4430576269717,8
656.4430576269717,8
656.4430576269717,8
656.4430576269717,8
656.4430576269717,8
656.4430576269717,8
656.4430576269717,8
656.4430576269717,8
656.4430576269717,8
656.4430576269717,8
656.4430576269717,8
656.4430576269717,8
656.4430576269717,8
656.4430576269717,8
656.4430576269717,8
656.4430576269717,8
656.4430576269717,8
656.4430576269717,8
656.4430576269717,8
656.4430576269717,8
656.4430576269717,8
656.4430576269717,8
656.4430576269717,8
656.4430576269717,8
656.4430576269717,8
656.4430576269717,8
656.4430576269717,8
656.4430576269717,8
656.4430576269717,8
656.4430576269717,8
656.4430576269717,8
656.4430576269717,8
656.4430576269717,8
656.4430576269717,8
656.4430576269717,8
656.4430576269717,8
656.4430576269717,8
656.4430576269717,8
656.4430576269717,8
656.4430576269717,8
656.4430576269717,8
656.4430576269717,8
656.4430576269717,8
656.4430576269717,8
656.4430576269717,8
656.4430576269717,8
656.4430576269717,8
656.4430576269717,8
656.4430576269717,8
656.4430576269717,8
656.4430576269717,8
656.4430576269717,8
656.4430576269717,8
656.4430576269717,8
656.4430576269717,8
656.4430576269717,8
656.4430576269717,8
656.4430576269717,8
656.4430576269717,8
656.4430576269717,8
656.4430576269717,8
656.4430576269717,8
656.4430576269717,8
656.4430576269717,8
656.4430576269717,8
656.4430576269717,8
656.4430576269717,8
656.4430576269717,8
656.4430576269717,8
656.4430576269717,8
656.4430576269717,8
656.4430576269717,8
656.4430576269717,8
656.4430576269717,8
656.4430576269717,8
656.4430576269717,8
656.4430576269717,8
656.4430576269717,8
656.4430576269717,8
656.4430576269717,8
656.4430576269717,8
656.4430576269717,8
656.4430576269717,8
656.4430576269717,8
656.4430576269717,8
656.4430576269717,8
656.4430576269717,8
656.4430576269717,8
656.4430576269717,8
656.4430576269717,8
656.4430576269717,8
656.4430576269717,8
656.4430576269717,8
656.4430576269717,8
656.4430576269717,8
656.4430576269717,8
656.4430576269717,8
656.4430576269717,8
656.4430576269717,8
656.4430576269717,8
656.4430576269717,8
656.4430576269717,8
656.4430576269717,8
656.4430576269717,8
656.4430576269717,8
656.4430576269717,8
656.4430576269717,8
656.4430576269717,8
656.4430576269717,8
656.4430576269717,8
656.4430576269717,8
656.4430576269717,8
656.4430576269717,8
656.4430576269717,8
656.4430576269717,8
656.4430576269717,8
656.4430576269717,8
656.4430576269717,8
656.4430576269717,8
656.4430576269717,8
656.4430576269717,8
656.4430576269717,8
656.4430576269717,8
656.4430576269717,8
656.4430576269717,8
656.4430576269717,8
656.4430576269717,8
656.4430576269717,8
656.4430576269717,8
656.4430576269717,8
656.4430576269717,8
656.4430576269717,8
656.4430576269717,8
656.4430576269717,8
656.4430576269717,8
656.4430576269717,8
656.4430576269717,8
656.4430576269717,8
656.4430576269717,8
656.4430576269717,8
656.4430576269717,8
656.4430576269717,8
656.4430576269717,8
656.4430576269717,8
656.4430576269717,8
656.4430576269717,8
656.4430576269717,8
656.4430576269717,8
656.4430576269717,8
656.4430576269717,8
656.4430576269717,8
656.4430576269717,8
656.4430576269717,8
656.4430576269717,8
656.4430576269717,8
656.4430576269717,8
656.4430576269717,8
656.4430576269717,8
656.4430576269717,8
656.4430576269717,8
656.4430576269717,8
656.4430576269717,8
656.4430576269717,8
656.4430576269717,8
656.4430576269717,8
656.4430576269717,8
656.4430576269717,8
656.4430576269717,8
656.4430576269717,8
656.4430576269717,8
656.4430576269717,8
656.4430576269717,8
656.4430576269717,8
656.4430576269717,8
656.4430576269717,8
656.4430576269717,8
656.4430576269717,8
656.4430576269717,8
656.4430576269717,8
656.4430576269717,8
656.4430576269717,8
656.4430576269717,8
656.4430576269717,8
656.4430576269717,8
656.4430576269717,8
656.4430576269717,8
656.4430576269717,8
656.4430576269717,8
656.4430576269717,8
656.4430576269717,8
656.4430576269717,8
656.4430576269717,8
656.4430576269717,8
656.4430576269717,8
656.4430576269717,8
656.4430576269717,8
656.4430576269717,8
656.4430576269717,8
656.4430576269717,8
656.4430576269717,8
656.4430576269717,8
656.4430576269717,8
656.4430576269717,8
656.4430576269717,8
656.4430576269717,8
656.4430576269717,8
656.4430576269717,8
656.4430576269717,8
656.4430576269717,8
656.4430576269717,8
656.4430576269717,8
656.4430576269717,8
656.4430576269717,8
656.4430576269717,8
656.4430576269717,8
656.4430576269717,8
656.4430576269717,8
656.4430576269717,8
656.4430576269717,8
656.4430576269717,8
656.4430576269717,8
656.4430576269717,8
656.4430576269717,8
656.4430576269717,8
656.4430576269717,8
656.4430576269717,8
656.4430576269717,8
656.4430576269717,8
656.4430576269717,8
656.4430576269717,8
656.4430576269717,8
656.4430576269717,8
656.4430576269717,8
656.4430576269717,8
656.4430576269717,8
656.4430576269717,8
656.4430576269717,8
656.4430576269717,8
656.4430576269717,8
656.4430576269717,8
656.4430576269717,8
656.4430576269717,8
656.4430576269717,8
656.4430576269717,8
656.4430576269717,8
656.4430576269717,8
656.4430576269717,8
656.4430576269717,8
656.4430576269717,8
656.4430576269717,8
656.4430576269717,8
656.4430576269717,8
656.4430576269717,8
656.4430576269717,8
656.4430576269717,8
656.4430576269717,8
656.4430576269717,8
656.4430576269717,8
656.4430576269717,8
656.4430576269717,8
656.4430576269717,8
656.4430576269717,8
656.4430576269717,8
656.4430576269717,8
656.4430576269717,8
656.4430576269717,8
656.4430576269717,8
656.4430576269717,8
656.4430576269717,8
656.4430576269717,8
656.4430576269717,8
656.4430576269717,8
656.4430576269717,8
656.4430576269717,8
656.4430576269717,8
656.4430576269717,8
656.4430576269717,8
656.4430576269717,8
656.4430576269717,8
656.4430576269717,8
656.4430576269717,8
656.4430576269717,8
656.4430576269717,8
656.4430576269717,8
656.4430576269717,8
656.4430576269717,8
656.4430576269717,8
656.4430576269717,8
656.4430576269717,8
656.4430576269717,8
656.4430576269717,8
656.4430576269717,8
656.4430576269717,8
656.4430576269717,8
656.4430576269717,8
656.4430576269717,8
656.4430576269717,8
656.4430576269717,8
656.4430576269717,8
656.4430576269717,8
656.4430576269717,8
656.4430576269717,8
656.4430576269717,8
656.4430576269717,8
656.4430576269717,8
656.4430576269717,8
656.4430576269717,8
656.4430576269717,8
656.4430576269717,8
656.4430576269717,8
656.4430576269717,8
656.4430576269717,8
656.4430576269717,8
656.4430576269717,8
656.4430576269717,8
