1246.1601802480773,24
1197.619160585581,23
1193.7021223467286,23
1179.7441915217978,22
1153.7851334543468,21
1147.769811942014,21
1142.2992940452257,20
1142.2992940452257,20
1139.5838821487823,18
1134.0403097955336,21
1132.9229471177787,21
1098.7325789300887,19
1098.7325789300887,19
1098.7325789300887,19
1086.6829796324305,18
1082.4715337557166,20
1044.2529896044493,19
1044.2529896044493,19
1044.2529896044493,19
1044.2529896044493,19
1044.2529896044493,19
1044.2529896044493,19
1044.2529896044493,19
1044.2529896044493,19
1044.2529896044493,19
1044.2529896044493,19
1044.2529896044493,19
1044.2529896044493,19
1044.2529896044493,19
1044.2529896044493,19
1039.508157948732,16
1034.950594662917,15
1012.8784097372256,15
988.5528251437411,14
988.5528251437411,14
988.5528251437411,14
988.5528251437411,14
988.5528251437411,14
988.5528251437411,14
988.5528251437411,14
988.5528251437411,14
988.5528251437411,14
988.5528251437411,14
988.5528251437411,14
988.5528251437411,14
988.5528251437411,14
988.5528251437411,14
988.5528251437411,14
988.5528251437411,14
988.5528251437411,14
988.5528251437411,14
988.5528251437411,14
952.8046609894091,14
952.8046609894091,14
952.8046609894091,14
952.8046609894091,14
952.8046609894091,14
952.8046609894091,14
952.8046609894091,14
952.8046609894091,14
952.8046609894091,14
952.8046609894091,14
946.7600797182843,14
946.7600797182843,14
946.7600797182843,14
946.7600797182843,14
946.7600797182843,14
930.3658358698642,13
930.3658358698642,13
930.3658358698642,13
930.3658358698642,13
930.3658358698642,13
930.3658358698642,13
930.3658358698642,13
930.3658358698642,13
930.3658358698642,13
900.8550209244349,12
860.6912246602544,11
860.6912246602544,11
860.6912246602544,11
860.6912246602544,11
860.6912246602544,11
860.6912246602544,11
860.6912246602544,11
860.6912246602544,11
860.6912246602544,11
860.6912246602544,11
860.6912246602544,11
860.6912246602544,11
860.6912246602544,11
860.6912246602544,11
860.6912246602544,11
860.6912246602544,11
860.6912246602544,11
860.6912246602544,11
860.6912246602544,11
860.6912246602544,11
860.6912246602544,11
860.6912246602544,11
860.6912246602544,11
860.6912246602544,11
860.6912246602544,11
860.6912246602544,11
860.6912246602544,11
860.6912246602544,11
860.6912246602544,11
860.6912246602544,11
860.6912246602544,11
852.4760214511413,11
852.4760214511413,11
852.4760214511413,11
852.4760214511413,11
852.4760214511413,11
852.4760214511413,11
852.4760214511413,11
852.4760214511413,11
852.4760214511413,11
852.4760214511413,11
852.4760214511413,11
852.4760214511413,11
852.4760214511413,11
852.4760214511413,11
852.4760214511413,11
852.4760214511413,11
852.4760214511413,11
852.4760214511413,11
852.4760214511413,11
852.4760214511413,11
852.4760214511413,11
852.4760214511413,11
852.4760214511413,11
852.4760214511413,11
852.4760214511413,11
852.4760214511413,11
852.4760214511413,11
852.4760214511413,11
852.4760214511413,11
845.6869036435523,11
845.6869036435523,11
845.6869036435523,11
845.6869036435523,11
800.5270526979044,10
800.5270526979044,10
800.5270526979044,10
800.5270526979044,10
800.5270526979044,10
800.5270526979044,10
800.5270526979044,10
800.5270526979044,10
800.0052763601949,10
800.0052763601949,10
797.2239726506683,9
797.2239726506683,9
797.2239726506683,9
797.2239726506683,9
797.2239726506683,9
797.2239726506683,9
797.2239726506683,9
765.9458807560154,9
765.9458807560154,9
740.0783032232705,9
740.0783032232705,9
740.0783032232705,9
740.0783032232705,9
740.0783032232705,9
740.0783032232705,9
740.0783032232705,9
740.0783032232705,9
740.0783032232705,9
740.0783032232705,9
740.0783032232705,9
740.0783032232705,9
740.0783032232705,9
740.0783032232705,9
740.0783032232705,9
740.0783032232705,9
740.0783032232705,9
740.0783032232705,9
740.0783032232705,9
740.0783032232705,9
740.0783032232705,9
740.0783032232705,9
740.0783032232705,9
740.0783032232705,9
740.0783032232705,9
740.0783032232705,9
740.0783032232705,9
740.0783032232705,9
740.0783032232705,9
740.0783032232705,9
740.0783032232705,9
740.0783032232705,9
740.0783032232705,9
740.0783032232705,9
740.0783032232705,9
740.0783032232705,9
740.0783032232705,9
740.0783032232705,9
740.0783032232705,9
740.0783032232705,9
740.0783032232705,9
740.0783032232705,9
740.0783032232705,9
740.0783032232705,9
740.0783032232705,9
740.0783032232705,9
740.0783032232705,9
740.0783032232705,9
740.0783032232705,9
740.0783032232705,9
740.0783032232705,9
740.0783032232705,9
740.0783032232705,9
740.0783032232705,9
740.0783032232705,9
740.0783032232705,9
740.0783032232705,9
740.0783032232705,9
740.0783032232705,9
740.0783032232705,9
740.0783032232705,9
740.0783032232705,9
740.0783032232705,9
740.0783032232705,9
740.0783032232705,9
740.0783032232705,9
740.0783032232705,9
740.0783032232705,9
740.0783032232705,9
740.0783032232705,9
740.0783032232705,9
740.0783032232705,9
740.0783032232705,9
740.0783032232705,9
740.0783032232705,9
740.0783032232705,9
740.0783032232705,9
740.0783032232705,9
740.0783032232705,9
740.0783032232705,9
740.0783032232705,9
740.0783032232705,9
740.0783032232705,9
740.0783032232705,9
740.0783032232705,9
740.0783032232705,9
740.0783032232705,9
740.0783032232705,9
740.0783032232705,9
740.0783032232705,9
740.0783032232705,9
734.5889180637761,10
734.5889180637761,10
734.5889180637761,10
734.5889180637761,10
719.2993061006437,9
719.2993061006437,9
719.2993061006437,9
719.2993061006437,9
719.2993061006437,9
719.2993061006437,9
719.2993061006437,9
719.2993061006437,9
712.994765524786,9
706.4495544346036,9
706.4495544346036,9
706.4495544346036,9
706.4495544346036,9
706.4495544346036,9
706.4495544346036,9
706.4495544346036,9
706.4495544346036,9
706.4495544346036,9
706.4495544346036,9
706.4495544346036,9
706.4495544346036,9
706.4495544346036,9
697.993730336545,9
697.993730336545,9
697.993730336545,9
697.993730336545,9
697.993730336545,9
697.993730336545,9
697.993730336545,9
697.993730336545,9
697.993730336545,9
697.993730336545,9
697.993730336545,9
697.993730336545,9
697.993730336545,9
697.993730336545,9
697.993730336545,9
697.993730336545,9
697.993730336545,9
697.993730336545,9
697.993730336545,9
697.993730336545,9
697.993730336545,9
697.993730336545,9
697.993730336545,9
697.993730336545,9
697.993730336545,9
697.993730336545,9
697.993730336545,9
697.993730336545,9
697.993730336545,9
697.993730336545,9
697.993730336545,9
697.993730336545,9
697.993730336545,9
697.993730336545,9
697.993730336545,9
697.993730336545,9
697.993730336545,9
697.993730336545,9
697.993730336545,9
697.993730336545,9
697.993730336545,9
697.993730336545,9
697.993730336545,9
697.993730336545,9
697.993730336545,9
697.993730336545,9
697.993730336545,9
697.993730336545,9
697.993730336545,9
697.993730336545,9
697.993730336545,9
697.993730336545,9
697.993730336545,9
697.993730336545,9
697.993730336545,9
697.993730336545,9
697.993730336545,9
697.993730336545,9
697.993730336545,9
697.993730336545,9
697.993730336545,9
697.993730336545,9
697.993730336545,9
697.993730336545,9
697.993730336545,9
697.993730336545,9
697.993730336545,9
697.993730336545,9
697.993730336545,9
697.993730336545,9
697.993730336545,9
697.993730336545,9
697.993730336545,9
697.993730336545,9
697.993730336545,9
697.993730336545,9
697.993730336545,9
697.993730336545,9
697.993730336545,9
697.993730336545,9
697.993730336545,9
697.993730336545,9
697.993730336545,9
697.993730336545,9
697.993730336545,9
697.993730336545,9
697.993730336545,9
697.993730336545,9
697.993730336545,9
697.993730336545,9
697.993730336545,9
697.993730336545,9
697.993730336545,9
697.993730336545,9
697.993730336545,9
697.993730336545,9
697.993730336545,9
697.993730336545,9
697.993730336545,9
697.993730336545,9
697.993730336545,9
697.993730336545,9
697.993730336545,9
697.993730336545,9
697.993730336545,9
697.993730336545,9
697.993730336545,9
697.993730336545,9
697.993730336545,9
697.993730336545,9
697.993730336545,9
697.993730336545,9
697.993730336545,9
697.993730336545,9
697.993730336545,9
697.993730336545,9
697.993730336545,9
697.993730336545,9
697.993730336545,9
697.993730336545,9
697.993730336545,9
697.993730336545,9
697.993730336545,9
697.993730336545,9
697.993730336545,9
697.993730336545,9
697.993730336545,9
697.993730336545,9
697.993730336545,9
697.993730336545,9
697.993730336545,9
697.993730336545,9
697.993730336545,9
697.993730336545,9
697.993730336545,9
697.993730336545,9
697.993730336545,9
697.993730336545,9
697.993730336545,9
697.993730336545,9
697.993730336545,9
697.993730336545,9
697.993730336545,9
697.993730336545,9
697.993730336545,9
697.993730336545,9
697.993730336545,9
697.993730336545,9
697.993730336545,9
697.993730336545,9
697.993730336545,9
697.993730336545,9
697.993730336545,9
697.993730336545,9
697.993730336545,9
697.993730336545,9
697.993730336545,9
697.993730336545,9
697.993730336545,9
697.993730336545,9
697.993730336545,9
697.993730336545,9
697.993730336545,9
697.993730336545,9
697.993730336545,9
697.993730336545,9
697.993730336545,9
697.993730336545,9
697.993730336545,9
697.993730336545,9
697.993730336545,9
697.993730336545,9
697.993730336545,9
697.993730336545,9
697.993730336545,9
697.993730336545,9
697.993730336545,9
697.993730336545,9
697.993730336545,9
697.993730336545,9
697.993730336545,9
697.993730336545,9
697.993730336545,9
697.993730336545,9
697.993730336545,9
697.993730336545,9
697.993730336545,9
697.993730336545,9
697.993730336545,9
697.993730336545,9
697.993730336545,9
697.993730336545,9
697.993730336545,9
697.993730336545,9
697.993730336545,9
697.993730336545,9
697.993730336545,9
697.993730336545,9
697.993730336545,9
697.993730336545,9
697.993730336545,9
682.2484789171306,7
682.2484789171306,7
682.2484789171306,7
682.2484789171306,7
682.2484789171306,7
682.2484789171306,7
682.2484789171306,7
682.2484789171306,7
682.2484789171306,7
682.2484789171306,7
682.2484789171306,7
682.2484789171306,7
682.2484789171306,7
682.2484789171306,7
682.2484789171306,7
678.3138588456508,7
678.3138588456508,7
678.3138588456508,7
678.3138588456508,7
678.3138588456508,7
678.3138588456508,7
678.3138588456508,7
678.3138588456508,7
672.1525191966466,8
671.2436089771916,7
671.2436089771916,7
671.2436089771916,7
671.2436089771916,7
671.2436089771916,7
671.2436089771916,7
671.2436089771916,7
671.2436089771916,7
671.2436089771916,7
671.2436089771916,7
671.2436089771916,7
671.2436089771916,7
671.2436089771916,7
671.2436089771916,7
671.2436089771916,7
671.2436089771916,7
671.2436089771916,7
671.2436089771916,7
671.2436089771916,7
671.2436089771916,7
671.2436089771916,7
671.2436089771916,7
671.2436089771916,7
671.2436089771916,7
671.2436089771916,7
671.2436089771916,7
671.2436089771916,7
671.2436089771916,7
671.2436089771916,7
671.2436089771916,7
671.2436089771916,7
671.2436089771916,7
671.2436089771916,7
671.2436089771916,7
671.2436089771916,7
671.2436089771916,7
671.2436089771916,7
671.2436089771916,7
671.2436089771916,7
671.2436089771916,7
671.2436089771916,7
671.2436089771916,7
671.2436089771916,7
671.2436089771916,7
671.2436089771916,7
671.2436089771916,7
671.2436089771916,7
671.2436089771916,7
671.2436089771916,7
671.2436089771916,7
671.2436089771916,7
671.2436089771916,7
671.2436089771916,7
671.2436089771916,7
671.2436089771916,7
671.2436089771916,7
671.2436089771916,7
671.2436089771916,7
671.2436089771916,7
671.2436089771916,7
671.2436089771916,7
671.2436089771916,7
671.2436089771916,7
671.2436089771916,7
671.2436089771916,7
671.2436089771916,7
671.2436089771916,7
671.2436089771916,7
671.2436089771916,7
671.2436089771916,7
671.2436089771916,7
671.2436089771916,7
671.2436089771916,7
671.2436089771916,7
671.2436089771916,7
657.4847749926121,7
657.4847749926121,7
657.4847749926121,7
657.4847749926121,7
657.4847749926121,7
657.4847749926121,7
657.4847749926121,7
657.4847749926121,7
657.4847749926121,7
657.4847749926121,7
657.4847749926121,7
657.4847749926121,7
657.4847749926121,7
657.4847749926121,7
657.4847749926121,7
657.4847749926121,7
657.4847749926121,7
657.4847749926121,7
657.4847749926121,7
657.4847749926121,7
657.4847749926121,7
657.4847749926121,7
657.4847749926121,7
657.4847749926121,7
657.4847749926121,7
657.4847749926121,7
657.4847749926121,7
657.4847749926121,7
657.4847749926121,7
657.4847749926121,7
657.4847749926121,7
657.4847749926121,7
657.4847749926121,7
657.4847749926121,7
657.4847749926121,7
657.4847749926121,7
657.4847749926121,7
657.4847749926121,7
657.4847749926121,7
657.4847749926121,7
657.4847749926121,7
657.4847749926121,7
657.4847749926121,7
657.4847749926121,7
657.4847749926121,7
657.4847749926121,7
657.4847749926121,7
657.4847749926121,7
657.4847749926121,7
657.4847749926121,7
657.4847749926121,7
657.4847749926121,7
657.4847749926121,7
657.4847749926121,7
657.4847749926121,7
657.4847749926121,7
657.4847749926121,7
657.4847749926121,7
657.4847749926121,7
657.4847749926121,7
657.4847749926121,7
657.4847749926121,7
657.4847749926121,7
657.4847749926121,7
657.4847749926121,7
657.4847749926121,7
657.4847749926121,7
657.4847749926121,7
657.4847749926121,7
657.4847749926121,7
657.4847749926121,7
657.4847749926121,7
657.4847749926121,7
657.4847749926121,7
657.4847749926121,7
657.4847749926121,7
657.4847749926121,7
657.4847749926121,7
657.4847749926121,7
657.4847749926121,7
657.4847749926121,7
657.4847749926121,7
657.4847749926121,7
657.4847749926121,7
657.4847749926121,7
657.4847749926121,7
657.4847749926121,7
657.4847749926121,7
657.4847749926121,7
657.4847749926121,7
657.4847749926121,7
657.4847749926121,7
657.4847749926121,7
657.4847749926121,7
657.4847749926121,7
657.4847749926121,7
657.4847749926121,7
657.4847749926121,7
657.4847749926121,7
657.4847749926121,7
657.4847749926121,7
657.4847749926121,7
657.4847749926121,7
657.4847749926121,7
657.4847749926121,7
657.4847749926121,7
657.4847749926121,7
657.4847749926121,7
657.4847749926121,7
657.4847749926121,7
657.4847749926121,7
657.4847749926121,7
657.4847749926121,7
657.4847749926121,7
657.4847749926121,7
657.4847749926121,7
657.4847749926121,7
657.4847749926121,7
657.4847749926121,7
657.4847749926121,7
657.4847749926121,7
657.4847749926121,7
657.4847749926121,7
657.4847749926121,7
657.4847749926121,7
657.4847749926121,7
657.4847749926121,7
657.4847749926121,7
657.4847749926121,7
657.4847749926121,7
657.4847749926121,7
657.4847749926121,7
657.4847749926121,7
657.4847749926121,7
657.4847749926121,7
657.4847749926121,7
657.4847749926121,7
657.4847749926121,7
657.4847749926121,7
657.4847749926121,7
657.4847749926121,7
657.4847749926121,7
657.4847749926121,7
657.4847749926121,7
657.4847749926121,7
657.4847749926121,7
657.4847749926121,7
657.4847749926121,7
657.4847749926121,7
657.4847749926121,7
657.4847749926121,7
657.4847749926121,7
657.4847749926121,7
657.4847749926121,7
657.4847749926121,7
657.4847749926121,7
657.4847749926121,7
657.4847749926121,7
657.4847749926121,7
657.4847749926121,7
657.4847749926121,7
657.4847749926121,7
657.4847749926121,7
657.4847749926121,7
657.4847749926121,7
657.4847749926121,7
657.4847749926121,7
657.4847749926121,7
657.4847749926121,7
657.4847749926121,7
657.4847749926121,7
657.4847749926121,7
657.4847749926121,7
657.4847749926121,7
657.4847749926121,7
657.4847749926121,7
657.4847749926121,7
657.4847749926121,7
657.4847749926121,7
657.4847749926121,7
657.4847749926121,7
657.4847749926121,7
657.4847749926121,7
657.4847749926121,7
657.4847749926121,7
657.4847749926121,7
657.4847749926121,7
657.4847749926121,7
657.4847749926121,7
657.4847749926121,7
657.4847749926121,7
657.4847749926121,7
657.4847749926121,7
657.4847749926121,7
657.4847749926121,7
657.4847749926121,7
657.4847749926121,7
657.4847749926121,7
657.4847749926121,7
657.4847749926121,7
657.4847749926121,7
657.4847749926121,7
657.4847749926121,7
657.4847749926121,7
657.4847749926121,7
657.4847749926121,7
657.4847749926121,7
657.4847749926121,7
657.4847749926121,7
657.4847749926121,7
657.4847749926121,7
657.4847749926121,7
657.4847749926121,7
657.4847749926121,7
657.4847749926121,7
657.4847749926121,7
657.4847749926121,7
657.4847749926121,7
657.4847749926121,7
657.4847749926121,7
657.4847749926121,7
657.4847749926121,7
657.4847749926121,7
657.4847749926121,7
657.4847749926121,7
657.4847749926121,7
657.4847749926121,7
657.4847749926121,7
657.4847749926121,7
657.4847749926121,7
657.4847749926121,7
657.4847749926121,7
657.4847749926121,7
657.4847749926121,7
657.4847749926121,7
657.4847749926121,7
657.4847749926121,7
657.4847749926121,7
657.4847749926121,7
657.4847749926121,7
657.4847749926121,7
657.4847749926121,7
657.4847749926121,7
657.4847749926121,7
657.4847749926121,7
657.4847749926121,7
657.4847749926121,7
657.4847749926121,7
657.4847749926121,7
657.4847749926121,7
657.4847749926121,7
657.4847749926121,7
657.4847749926121,7
657.4847749926121,7
657.4847749926121,7
657.4847749926121,7
657.4847749926121,7
657.4847749926121,7
657.4847749926121,7
657.4847749926121,7
657.4847749926121,7
657.4847749926121,7
657.4847749926121,7
657.4847749926121,7
657.4847749926121,7
657.4847749926121,7
657.4847749926121,7
657.4847749926121,7
657.4847749926121,7
657.4847749926121,7
657.4847749926121,7
657.4847749926121,7
657.4847749926121,7
657.4847749926121,7
657.4847749926121,7
657.4847749926121,7
657.4847749926121,7
657.4847749926121,7
657.4847749926121,7
657.4847749926121,7
657.4847749926121,7
657.4847749926121,7
657.4847749926121,7
657.4847749926121,7
657.4847749926121,7
657.4847749926121,7
657.4847749926121,7
657.4847749926121,7
657.4847749926121,7
657.4847749926121,7
657.4847749926121,7
657.4847749926121,7
657.4847749926121,7
657.4847749926121,7
657.4847749926121,7
657.4847749926121,7
657.4847749926121,7
657.4847749926121,7
657.4847749926121,7
657.4847749926121,7
657.4847749926121,7
657.4847749926121,7
657.4847749926121,7
657.4847749926121,7
657.4847749926121,7
657.4847749926121,7
657.4847749926121,7
657.4847749926121,7
657.4847749926121,7
657.4847749926121,7
657.4847749926121,7
657.4847749926121,7
657.4847749926121,7
657.4847749926121,7
657.4847749926121,7
657.4847749926121,7
657.4847749926121,7
657.4847749926121,7
657.4847749926121,7
657.4847749926121,7
657.4847749926121,7
657.4847749926121,7
657.4847749926121,7
657.4847749926121,7
657.4847749926121,7
657.4847749926121,7
657.4847749926121,7
657.4847749926121,7
657.4847749926121,7
657.4847749926121,7
657.4847749926121,7
657.4847749926121,7
657.4847749926121,7
657.4847749926121,7
657.4847749926121,7
657.4847749926121,7
657.4847749926121,7
657.4847749926121,7
657.4847749926121,7
657.4847749926121,7
657.4847749926121,7
657.4847749926121,7
657.4847749926121,7
657.4847749926121,7
657.4847749926121,7
646.7387986975499,7
646.7387986975499,7
646.7387986975499,7
646.7387986975499,7
646.7387986975499,7
646.7387986975499,7
646.7387986975499,7
646.7387986975499,7
646.7387986975499,7
646.7387986975499,7
646.7387986975499,7
646.7387986975499,7
646.7387986975499,7
646.7387986975499,7
646.7387986975499,7
646.7387986975499,7
646.7387986975499,7
646.7387986975499,7
646.7387986975499,7
646.7387986975499,7
646.7387986975499,7
646.7387986975499,7
646.7387986975499,7
646.7387986975499,7
646.7387986975499,7
646.7387986975499,7
646.7387986975499,7
646.7387986975499,7
646.7387986975499,7
646.7387986975499,7
646.7387986975499,7
646.7387986975499,7
646.7387986975499,7
646.7387986975499,7
646.7387986975499,7
646.7387986975499,7
646.7387986975499,7
646.7387986975499,7
646.7387986975499,7
646.7387986975499,7
646.7387986975499,7
646.7387986975499,7
646.7387986975499,7
646.7387986975499,7
646.7387986975499,7
646.7387986975499,7
646.7387986975499,7
646.7387986975499,7
646.7387986975499,7
646.7387986975499,7
646.7387986975499,7
646.7387986975499,7
646.7387986975499,7
646.7387986975499,7
646.7387986975499,7
646.7387986975499,7
646.7387986975499,7
646.7387986975499,7
646.7387986975499,7
646.7387986975499,7
646.7387986975499,7
646.7387986975499,7
646.7387986975499,7
646.7387986975499,7
646.7387986975499,7
646.7387986975499,7
646.7387986975499,7
646.7387986975499,7
646.7387986975499,7
646.7387986975499,7
646.7387986975499,7
646.7387986975499,7
646.7387986975499,7
646.7387986975499,7
646.7387986975499,7
646.7387986975499,7
646.7387986975499,7
646.7387986975499,7
