1246.1601802480773,24
1197.6191605855809,23
1193.7021223467289,23
1168.1704890602814,22
1159.6573755198667,21
1120.2810745577046,20
1120.2810745577046,20
1120.2810745577046,20
1114.4670158439894,19
1095.4719168988051,20
1095.4719168988051,20
1095.4719168988051,20
1067.2744723237922,19
1048.2105209374638,19
1048.2105209374638,19
1013.7777847845076,18
1007.6372023412001,17
1007.6372023412001,17
1007.6372023412001,17
1007.6372023412001,17
1007.6372023412001,17
1007.6372023412001,17
1007.6372023412001,17
1007.6372023412001,17
992.423117777106,16
992.423117777106,16
970.0742610500217,17
970.0742610500217,17
970.0742610500217,17
970.0742610500217,17
969.5104063670062,14
968.5111361354216,15
960.6731071704802,16
960.6731071704802,16
960.6731071704802,16
960.6731071704802,16
960.6731071704802,16
960.6731071704802,16
931.3661241394611,14
930.1919034617364,13
930.1919034617364,13
923.2443207566255,14
923.2443207566255,14
923.2443207566255,14
923.2443207566255,14
923.2443207566255,14
911.3314924514859,12
890.4962111518207,11
890.4962111518207,11
890.4962111518207,11
890.4962111518207,11
890.4962111518207,11
870.670698614814,11
870.670698614814,11
870.670698614814,11
870.670698614814,11
870.670698614814,11
870.670698614814,11
870.670698614814,11
870.670698614814,11
870.670698614814,11
870.670698614814,11
870.670698614814,11
866.6837081197623,10
866.6837081197623,10
866.6837081197623,10
866.6837081197623,10
866.6837081197623,10
866.6837081197623,10
866.6837081197623,10
866.6837081197623,10
866.6837081197623,10
866.6837081197623,10
866.6837081197623,10
866.6837081197623,10
866.6837081197623,10
866.6837081197623,10
866.6837081197623,10
866.6837081197623,10
866.6837081197623,10
866.6837081197623,10
866.6837081197623,10
866.6837081197623,10
863.9209941287951,11
863.9209941287951,11
863.9209941287951,11
863.9209941287951,11
863.9209941287951,11
863.9209941287951,11
863.9209941287951,11
863.9209941287951,11
863.9209941287951,11
863.9209941287951,11
862.4507856747102,11
862.4507856747102,11
849.1420828993655,11
849.1420828993655,11
849.1420828993655,11
849.1420828993655,11
849.1420828993655,11
844.5726819071401,10
844.5726819071401,10
810.1529213261008,10
810.1529213261008,10
810.1529213261008,10
810.1529213261008,10
802.9424085534665,9
802.9424085534665,9
802.9424085534665,9
793.871285182974,9
793.871285182974,9
793.871285182974,9
793.871285182974,9
793.871285182974,9
793.871285182974,9
793.871285182974,9
793.871285182974,9
793.871285182974,9
793.871285182974,9
793.871285182974,9
793.871285182974,9
793.871285182974,9
793.871285182974,9
793.871285182974,9
793.871285182974,9
793.871285182974,9
793.871285182974,9
793.871285182974,9
785.9359246162334,9
785.9359246162334,9
785.9359246162334,9
785.9359246162334,9
785.9359246162334,9
785.9359246162334,9
785.9359246162334,9
785.9359246162334,9
785.9359246162334,9
785.9359246162334,9
785.9359246162334,9
785.9359246162334,9
781.2472133577263,9
761.5207924194724,10
761.5207924194724,10
761.5207924194724,10
761.5207924194724,10
761.5207924194724,10
761.5207924194724,10
761.5207924194724,10
761.5207924194724,10
761.5207924194724,10
761.5207924194724,10
761.5207924194724,10
761.5207924194724,10
761.5207924194724,10
761.5207924194724,10
761.5207924194724,10
761.5207924194724,10
761.5207924194724,10
725.3002478503006,9
725.3002478503006,9
725.3002478503006,9
725.3002478503006,9
725.3002478503006,9
725.3002478503006,9
725.3002478503006,9
716.0366503594344,9
716.0366503594344,9
716.0366503594344,9
716.0366503594344,9
696.7988512824904,8
696.7988512824904,8
696.7988512824904,8
696.7988512824904,8
696.7988512824904,8
696.7988512824904,8
696.7988512824904,8
696.7988512824904,8
696.7988512824904,8
696.7988512824904,8
696.7988512824904,8
696.7988512824904,8
696.7988512824904,8
696.7988512824904,8
696.7988512824904,8
696.7988512824904,8
696.7988512824904,8
696.7988512824904,8
696.7988512824904,8
696.7988512824904,8
696.7988512824904,8
696.7988512824904,8
696.7988512824904,8
696.7988512824904,8
696.7988512824904,8
696.7988512824904,8
696.7988512824904,8
696.7988512824904,8
696.7988512824904,8
696.7988512824904,8
696.7988512824904,8
696.7988512824904,8
696.7988512824904,8
696.7988512824904,8
696.7988512824904,8
696.7988512824904,8
696.7988512824904,8
696.7988512824904,8
696.7988512824904,8
696.7988512824904,8
696.7988512824904,8
696.7988512824904,8
696.7988512824904,8
696.7988512824904,8
696.7988512824904,8
696.7988512824904,8
696.7988512824904,8
696.7988512824904,8
696.7988512824904,8
696.7988512824904,8
696.7988512824904,8
696.7988512824904,8
696.7988512824904,8
696.7988512824904,8
696.7988512824904,8
696.7988512824904,8
696.7988512824904,8
696.7988512824904,8
696.7988512824904,8
696.7988512824904,8
696.7988512824904,8
696.7988512824904,8
696.7988512824904,8
696.7988512824904,8
696.7988512824904,8
696.7988512824904,8
696.7988512824904,8
696.7988512824904,8
696.7988512824904,8
696.7988512824904,8
696.7988512824904,8
696.7988512824904,8
696.7988512824904,8
696.7988512824904,8
696.7988512824904,8
696.7988512824904,8
696.7988512824904,8
696.7988512824904,8
696.7988512824904,8
696.7988512824904,8
696.7988512824904,8
696.7988512824904,8
696.7988512824904,8
696.7988512824904,8
696.7988512824904,8
696.7988512824904,8
696.7988512824904,8
696.7988512824904,8
696.7988512824904,8
696.7988512824904,8
696.7988512824904,8
696.7988512824904,8
696.7988512824904,8
696.7988512824904,8
696.7988512824904,8
696.7988512824904,8
696.7988512824904,8
696.7988512824904,8
696.7988512824904,8
696.7988512824904,8
696.7988512824904,8
696.7988512824904,8
696.7988512824904,8
696.7988512824904,8
696.7988512824904,8
696.7988512824904,8
696.7988512824904,8
696.7988512824904,8
696.7988512824904,8
696.7988512824904,8
696.7988512824904,8
696.7988512824904,8
696.7988512824904,8
696.7988512824904,8
696.7988512824904,8
696.7988512824904,8
696.7988512824904,8
696.7988512824904,8
696.7988512824904,8
696.7988512824904,8
696.7988512824904,8
696.7988512824904,8
696.7988512824904,8
696.7988512824904,8
696.7988512824904,8
696.7988512824904,8
696.7988512824904,8
696.7988512824904,8
696.7988512824904,8
696.7988512824904,8
696.7988512824904,8
696.7988512824904,8
696.7988512824904,8
696.7988512824904,8
696.7988512824904,8
696.7988512824904,8
696.7988512824904,8
696.7988512824904,8
696.7988512824904,8
696.7988512824904,8
696.7988512824904,8
696.7988512824904,8
696.7988512824904,8
696.7988512824904,8
696.7988512824904,8
696.7988512824904,8
696.7988512824904,8
696.7988512824904,8
696.7988512824904,8
696.7988512824904,8
696.7988512824904,8
696.7988512824904,8
696.7988512824904,8
696.7988512824904,8
696.7988512824904,8
696.7988512824904,8
696.7988512824904,8
696.7988512824904,8
696.7988512824904,8
696.7988512824904,8
696.7988512824904,8
696.7988512824904,8
696.7988512824904,8
696.7988512824904,8
696.7988512824904,8
696.7988512824904,8
696.7988512824904,8
696.7988512824904,8
696.7988512824904,8
696.7988512824904,8
696.7988512824904,8
696.7988512824904,8
696.7988512824904,8
696.7988512824904,8
696.7988512824904,8
696.7988512824904,8
696.7988512824904,8
696.7988512824904,8
696.7988512824904,8
696.7988512824904,8
696.7988512824904,8
696.7988512824904,8
696.7988512824904,8
696.7988512824904,8
696.7988512824904,8
696.7988512824904,8
696.7988512824904,8
696.7988512824904,8
696.7988512824904,8
696.7988512824904,8
696.7988512824904,8
696.7988512824904,8
696.7988512824904,8
696.7988512824904,8
696.7988512824904,8
696.7988512824904,8
696.7988512824904,8
696.7988512824904,8
696.7988512824904,8
696.7988512824904,8
696.7988512824904,8
696.7988512824904,8
696.7988512824904,8
696.7988512824904,8
696.7988512824904,8
696.7988512824904,8
696.7988512824904,8
696.7988512824904,8
696.7988512824904,8
696.7988512824904,8
696.7988512824904,8
696.7988512824904,8
696.7988512824904,8
696.7988512824904,8
696.7988512824904,8
696.7988512824904,8
696.7988512824904,8
696.7988512824904,8
696.7988512824904,8
696.7988512824904,8
696.7988512824904,8
696.7988512824904,8
696.7988512824904,8
696.7988512824904,8
696.7988512824904,8
696.7988512824904,8
696.7988512824904,8
696.7988512824904,8
696.7988512824904,8
696.7988512824904,8
696.7988512824904,8
696.7988512824904,8
696.7988512824904,8
696.7988512824904,8
696.7988512824904,8
696.7988512824904,8
696.7988512824904,8
696.7988512824904,8
696.7988512824904,8
696.7988512824904,8
696.7988512824904,8
696.7988512824904,8
696.7988512824904,8
696.7988512824904,8
696.7988512824904,8
696.7988512824904,8
696.7988512824904,8
696.7988512824904,8
696.7988512824904,8
696.7988512824904,8
696.7988512824904,8
696.7988512824904,8
696.7988512824904,8
696.7988512824904,8
696.7988512824904,8
696.7988512824904,8
696.7988512824904,8
696.7988512824904,8
696.7988512824904,8
696.7988512824904,8
696.7988512824904,8
696.7988512824904,8
696.7988512824904,8
696.7988512824904,8
696.7988512824904,8
696.7988512824904,8
696.7988512824904,8
696.7988512824904,8
696.7988512824904,8
696.7988512824904,8
696.7988512824904,8
696.7988512824904,8
696.7988512824904,8
696.7988512824904,8
696.7988512824904,8
696.7988512824904,8
696.7988512824904,8
696.7988512824904,8
696.7988512824904,8
696.7988512824904,8
696.7988512824904,8
696.7988512824904,8
696.7988512824904,8
696.7988512824904,8
696.7988512824904,8
696.7988512824904,8
696.7988512824904,8
696.7988512824904,8
696.7988512824904,8
696.7988512824904,8
696.7988512824904,8
696.7988512824904,8
696.7988512824904,8
696.7988512824904,8
696.7988512824904,8
696.7988512824904,8
696.7988512824904,8
696.7988512824904,8
696.7988512824904,8
696.7988512824904,8
696.7988512824904,8
696.7988512824904,8
696.7988512824904,8
696.7988512824904,8
696.7988512824904,8
696.7988512824904,8
696.7988512824904,8
696.7988512824904,8
696.7988512824904,8
696.7988512824904,8
696.7988512824904,8
696.7988512824904,8
696.7988512824904,8
696.7988512824904,8
696.7988512824904,8
696.7988512824904,8
696.7988512824904,8
696.7988512824904,8
696.7988512824904,8
696.7988512824904,8
696.7988512824904,8
696.7988512824904,8
696.7988512824904,8
696.7988512824904,8
696.7988512824904,8
696.7988512824904,8
696.7988512824904,8
696.7988512824904,8
696.7988512824904,8
696.7988512824904,8
696.7988512824904,8
696.7988512824904,8
696.7988512824904,8
694.421640324552,8
694.421640324552,8
694.421640324552,8
694.421640324552,8
694.421640324552,8
694.421640324552,8
694.421640324552,8
694.421640324552,8
694.421640324552,8
694.421640324552,8
694.421640324552,8
694.421640324552,8
694.421640324552,8
690.3849823284222,8
690.3849823284222,8
690.3849823284222,8
690.3849823284222,8
690.3849823284222,8
690.3849823284222,8
690.3849823284222,8
690.3849823284222,8
681.8972994565179,8
681.8972994565179,8
681.8972994565179,8
681.8972994565179,8
681.8972994565179,8
681.8972994565179,8
681.8972994565179,8
681.8972994565179,8
681.8972994565179,8
681.8972994565179,8
681.8972994565179,8
681.8972994565179,8
681.8972994565179,8
681.8972994565179,8
681.8972994565179,8
681.8972994565179,8
681.8972994565179,8
681.8972994565179,8
681.8972994565179,8
681.8972994565179,8
681.8972994565179,8
681.8972994565179,8
681.8972994565179,8
681.8972994565179,8
681.8972994565179,8
681.8972994565179,8
681.8972994565179,8
681.8972994565179,8
681.8972994565179,8
681.8972994565179,8
681.8972994565179,8
681.8972994565179,8
681.8972994565179,8
681.8972994565179,8
681.8972994565179,8
681.8972994565179,8
681.8972994565179,8
681.8972994565179,8
681.8972994565179,8
681.8972994565179,8
681.8972994565179,8
681.8972994565179,8
681.8972994565179,8
681.8972994565179,8
681.8972994565179,8
681.8972994565179,8
681.8972994565179,8
681.8972994565179,8
681.8972994565179,8
681.8972994565179,8
681.8972994565179,8
681.8972994565179,8
681.8972994565179,8
681.8972994565179,8
681.8972994565179,8
681.8972994565179,8
681.8972994565179,8
681.8972994565179,8
681.8972994565179,8
681.8972994565179,8
681.8972994565179,8
681.0484038438539,8
681.0484038438539,8
681.0484038438539,8
681.0484038438539,8
681.0484038438539,8
681.0484038438539,8
681.0484038438539,8
681.0484038438539,8
681.0484038438539,8
681.0484038438539,8
681.0484038438539,8
681.0484038438539,8
681.0484038438539,8
681.0484038438539,8
681.0484038438539,8
681.0484038438539,8
681.0484038438539,8
681.0484038438539,8
681.0484038438539,8
681.0484038438539,8
681.0484038438539,8
681.0484038438539,8
681.0484038438539,8
681.0484038438539,8
681.0484038438539,8
681.0484038438539,8
681.0484038438539,8
681.0484038438539,8
681.0484038438539,8
669.8423738634434,7
669.8423738634434,7
669.8423738634434,7
669.8423738634434,7
661.2352246120998,7
661.2352246120998,7
661.2352246120998,7
661.2352246120998,7
661.2352246120998,7
661.2352246120998,7
661.2352246120998,7
661.2352246120998,7
661.2352246120998,7
661.2352246120998,7
661.2352246120998,7
661.2352246120998,7
661.2352246120998,7
661.2352246120998,7
661.2352246120998,7
661.2352246120998,7
661.2352246120998,7
661.2352246120998,7
661.2352246120998,7
661.2352246120998,7
661.2352246120998,7
661.2352246120998,7
661.2352246120998,7
661.2352246120998,7
661.2352246120998,7
661.2352246120998,7
661.2352246120998,7
661.2352246120998,7
661.2352246120998,7
661.2352246120998,7
661.2352246120998,7
661.2352246120998,7
661.2352246120998,7
661.2352246120998,7
661.2352246120998,7
661.2352246120998,7
661.2352246120998,7
661.2352246120998,7
661.2352246120998,7
661.2352246120998,7
661.2352246120998,7
661.2352246120998,7
661.2352246120998,7
661.2352246120998,7
661.2352246120998,7
661.2352246120998,7
661.2352246120998,7
661.2352246120998,7
661.2352246120998,7
661.2352246120998,7
661.2352246120998,7
661.2352246120998,7
661.2352246120998,7
661.2352246120998,7
661.2352246120998,7
661.2352246120998,7
661.2352246120998,7
661.2352246120998,7
661.2352246120998,7
661.2352246120998,7
661.2352246120998,7
661.2352246120998,7
661.2352246120998,7
661.2352246120998,7
661.2352246120998,7
661.2352246120998,7
661.2352246120998,7
661.2352246120998,7
661.2352246120998,7
661.2352246120998,7
661.2352246120998,7
661.2352246120998,7
661.2352246120998,7
661.2352246120998,7
661.2352246120998,7
661.2352246120998,7
661.2352246120998,7
661.2352246120998,7
661.2352246120998,7
661.2352246120998,7
661.2352246120998,7
661.2352246120998,7
661.2352246120998,7
661.2352246120998,7
661.2352246120998,7
661.2352246120998,7
661.2352246120998,7
661.2352246120998,7
661.2352246120998,7
661.2352246120998,7
661.2352246120998,7
661.2352246120998,7
661.2352246120998,7
661.2352246120998,7
661.2352246120998,7
661.2352246120998,7
661.2352246120998,7
661.2352246120998,7
661.2352246120998,7
661.2352246120998,7
661.2352246120998,7
661.2352246120998,7
661.2352246120998,7
661.2352246120998,7
661.2352246120998,7
661.2352246120998,7
661.2352246120998,7
661.2352246120998,7
661.2352246120998,7
661.2352246120998,7
661.2352246120998,7
661.2352246120998,7
661.2352246120998,7
661.2352246120998,7
661.2352246120998,7
661.2352246120998,7
661.2352246120998,7
661.2352246120998,7
661.2352246120998,7
661.2352246120998,7
661.2352246120998,7
661.2352246120998,7
661.2352246120998,7
661.2352246120998,7
661.2352246120998,7
661.2352246120998,7
661.2352246120998,7
661.2352246120998,7
661.2352246120998,7
661.2352246120998,7
661.2352246120998,7
661.2352246120998,7
661.2352246120998,7
661.2352246120998,7
661.2352246120998,7
661.2352246120998,7
661.2352246120998,7
661.2352246120998,7
661.2352246120998,7
661.2352246120998,7
661.2352246120998,7
661.2352246120998,7
661.2352246120998,7
661.2352246120998,7
661.2352246120998,7
661.2352246120998,7
661.2352246120998,7
661.2352246120998,7
661.2352246120998,7
661.2352246120998,7
661.2352246120998,7
661.2352246120998,7
661.2352246120998,7
661.2352246120998,7
661.2352246120998,7
661.2352246120998,7
661.2352246120998,7
661.2352246120998,7
661.2352246120998,7
661.2352246120998,7
661.2352246120998,7
661.2352246120998,7
661.2352246120998,7
661.2352246120998,7
661.2352246120998,7
661.2352246120998,7
661.2352246120998,7
661.2352246120998,7
661.2352246120998,7
661.2352246120998,7
661.2352246120998,7
661.2352246120998,7
661.2352246120998,7
661.2352246120998,7
661.2352246120998,7
661.2352246120998,7
661.2352246120998,7
661.2352246120998,7
661.2352246120998,7
661.2352246120998,7
661.2352246120998,7
661.2352246120998,7
661.2352246120998,7
661.2352246120998,7
661.2352246120998,7
661.2352246120998,7
661.2352246120998,7
661.2352246120998,7
661.2352246120998,7
661.2352246120998,7
661.2352246120998,7
661.2352246120998,7
661.2352246120998,7
661.2352246120998,7
661.2352246120998,7
661.2352246120998,7
661.2352246120998,7
661.2352246120998,7
661.2352246120998,7
661.2352246120998,7
661.2352246120998,7
661.2352246120998,7
661.2352246120998,7
661.2352246120998,7
661.2352246120998,7
661.2352246120998,7
661.2352246120998,7
661.2352246120998,7
661.2352246120998,7
661.2352246120998,7
661.2352246120998,7
661.2352246120998,7
661.2352246120998,7
661.2352246120998,7
661.2352246120998,7
661.2352246120998,7
661.2352246120998,7
661.2352246120998,7
661.2352246120998,7
661.2352246120998,7
661.2352246120998,7
661.2352246120998,7
661.2352246120998,7
661.2352246120998,7
661.2352246120998,7
661.2352246120998,7
661.2352246120998,7
661.2352246120998,7
661.2352246120998,7
661.2352246120998,7
661.2352246120998,7
661.2352246120998,7
661.2352246120998,7
661.2352246120998,7
661.2352246120998,7
661.2352246120998,7
661.2352246120998,7
661.2352246120998,7
661.2352246120998,7
661.2352246120998,7
661.2352246120998,7
661.2352246120998,7
661.2352246120998,7
661.2352246120998,7
661.2352246120998,7
661.2352246120998,7
661.2352246120998,7
661.2352246120998,7
661.2352246120998,7
661.2352246120998,7
661.2352246120998,7
661.2352246120998,7
661.2352246120998,7
661.2352246120998,7
661.2352246120998,7
661.2352246120998,7
661.2352246120998,7
661.2352246120998,7
661.2352246120998,7
661.2352246120998,7
661.2352246120998,7
661.2352246120998,7
661.2352246120998,7
661.2352246120998,7
661.2352246120998,7
661.2352246120998,7
661.2352246120998,7
661.2352246120998,7
661.2352246120998,7
661.2352246120998,7
661.2352246120998,7
661.2352246120998,7
661.2352246120998,7
661.2352246120998,7
661.2352246120998,7
661.2352246120998,7
661.2352246120998,7
661.2352246120998,7
661.2352246120998,7
661.2352246120998,7
661.2352246120998,7
661.2352246120998,7
661.2352246120998,7
661.2352246120998,7
661.2352246120998,7
661.2352246120998,7
661.2352246120998,7
661.2352246120998,7
661.2352246120998,7
661.2352246120998,7
661.2352246120998,7
661.2352246120998,7
661.2352246120998,7
661.2352246120998,7
660.0821698709344,7
660.0821698709344,7
660.0821698709344,7
649.1499789861201,7
649.1499789861201,7
649.1499789861201,7
649.1499789861201,7
649.1499789861201,7
649.1499789861201,7
649.1499789861201,7
649.1499789861201,7
649.1499789861201,7
649.1499789861201,7
649.1499789861201,7
649.1499789861201,7
649.1499789861201,7
649.1499789861201,7
649.1499789861201,7
649.1499789861201,7
649.1499789861201,7
649.1499789861201,7
649.1499789861201,7
649.1499789861201,7
649.1499789861201,7
649.1499789861201,7
649.1499789861201,7
649.1499789861201,7
649.1499789861201,7
649.1499789861201,7
649.1499789861201,7
649.1499789861201,7
649.1499789861201,7
649.1499789861201,7
649.1499789861201,7
649.1499789861201,7
649.1499789861201,7
649.1499789861201,7
649.1499789861201,7
649.1499789861201,7
649.1499789861201,7
649.1499789861201,7
649.1499789861201,7
649.1499789861201,7
649.1499789861201,7
649.1499789861201,7
649.1499789861201,7
649.1499789861201,7
649.1499789861201,7
649.1499789861201,7
649.1499789861201,7
649.1499789861201,7
649.1499789861201,7
649.1499789861201,7
649.1499789861201,7
649.1499789861201,7
649.1499789861201,7
649.1499789861201,7
649.1499789861201,7
649.1499789861201,7
649.1499789861201,7
649.1499789861201,7
649.1499789861201,7
649.1499789861201,7
649.1499789861201,7
649.1499789861201,7
649.1499789861201,7
649.1499789861201,7
649.1499789861201,7
649.1499789861201,7
649.1499789861201,7
649.1499789861201,7
649.1499789861201,7
649.1499789861201,7
649.1499789861201,7
649.1499789861201,7
649.1499789861201,7
649.1499789861201,7
649.1499789861201,7
649.1499789861201,7
649.1499789861201,7
649.1499789861201,7
649.1499789861201,7
649.1499789861201,7
649.1499789861201,7
649.1499789861201,7
649.1499789861201,7
649.1499789861201,7
649.1499789861201,7
649.1499789861201,7
