1246.1601802480773,24
1191.9457653684274,22
1165.0595137781336,22
1164.3945754482236,22
1142.5156463677818,21
1142.5156463677818,21
1134.020114103878,21
1107.8397742163793,20
1078.9129777846426,19
1078.9129777846426,19
1078.9129777846426,19
1078.9129777846426,19
1078.9129777846426,19
1078.9129777846426,19
1078.9129777846426,19
1078.9129777846426,19
1078.9129777846426,19
1078.9129777846426,19
1050.2437623764492,17
1050.2437623764492,17
1002.3879850334877,16
1002.3879850334877,16
1002.3879850334877,16
1002.3879850334877,16
1002.3879850334877,16
1002.3879850334877,16
1002.3879850334877,16
1002.3879850334877,16
1002.3879850334877,16
1002.3879850334877,16
1002.3879850334877,16
1002.3879850334877,16
1002.3879850334877,16
1002.3879850334877,16
1002.3879850334877,16
1002.3879850334877,16
1002.3879850334877,16
1002.3879850334877,16
989.4609395943185,14
989.4609395943185,14
989.4609395943185,14
989.4609395943185,14
989.2497528825728,15
952.4759966094394,13
933.5573296522925,13
933.5573296522925,13
933.5573296522925,13
933.5573296522925,13
933.5573296522925,13
933.5573296522925,13
933.5573296522925,13
933.5573296522925,13
933.5573296522925,13
933.5573296522925,13
933.5573296522925,13
933.5573296522925,13
933.5573296522925,13
933.5573296522925,13
933.5573296522925,13
933.5573296522925,13
933.5573296522925,13
933.5573296522925,13
933.5573296522925,13
933.5573296522925,13
933.5573296522925,13
933.5573296522925,13
933.5573296522925,13
933.5573296522925,13
933.5573296522925,13
933.5573296522925,13
933.5573296522925,13
933.5573296522925,13
933.5573296522925,13
933.5573296522925,13
933.5573296522925,13
933.5573296522925,13
903.7773144164329,12
903.7773144164329,12
903.7773144164329,12
903.7773144164329,12
903.7773144164329,12
903.7773144164329,12
897.5623312348634,11
897.5623312348634,11
897.5623312348634,11
897.5623312348634,11
897.5623312348634,11
889.4473336254587,11
889.4473336254587,11
889.4473336254587,11
889.4473336254587,11
887.5891024504677,11
887.5891024504677,11
887.5891024504677,11
887.5891024504677,11
887.5891024504677,11
887.5891024504677,11
887.5891024504677,11
881.6407632423748,11
881.6407632423748,11
881.6407632423748,11
881.6407632423748,11
879.7528521932686,10
879.7528521932686,10
879.7528521932686,10
863.692317530775,10
840.923244436859,11
828.1441240162169,10
828.1441240162169,10
828.1441240162169,10
828.1441240162169,10
828.1441240162169,10
828.1441240162169,10
828.1441240162169,10
828.1441240162169,10
828.1441240162169,10
828.1441240162169,10
828.1441240162169,10
828.1441240162169,10
828.1441240162169,10
828.1441240162169,10
828.1441240162169,10
828.1441240162169,10
828.1441240162169,10
828.1441240162169,10
828.1441240162169,10
828.1441240162169,10
828.1441240162169,10
828.1441240162169,10
828.1441240162169,10
828.1441240162169,10
828.1441240162169,10
828.1441240162169,10
828.1441240162169,10
826.7879469911991,9
826.7879469911991,9
826.7879469911991,9
826.7879469911991,9
824.9023854879528,10
813.8704111099312,8
813.8704111099312,8
813.8704111099312,8
799.6293175594762,9
799.6293175594762,9
799.6293175594762,9
799.6293175594762,9
799.6293175594762,9
799.6293175594762,9
799.6293175594762,9
799.6293175594762,9
799.6293175594762,9
799.6293175594762,9
799.6293175594762,9
799.6293175594762,9
799.6293175594762,9
780.1021359767693,8
780.1021359767693,8
780.1021359767693,8
780.1021359767693,8
778.9771394119495,9
778.9771394119495,9
778.9771394119495,9
755.9785515629396,9
755.9785515629396,9
742.5818435989627,9
742.5818435989627,9
742.5818435989627,9
742.5818435989627,9
742.5818435989627,9
727.3953056558604,9
727.3953056558604,9
727.3953056558604,9
727.3953056558604,9
727.3953056558604,9
727.3953056558604,9
727.3953056558604,9
727.3953056558604,9
727.3953056558604,9
727.3953056558604,9
727.3953056558604,9
727.3953056558604,9
727.3953056558604,9
727.3953056558604,9
727.3953056558604,9
727.3953056558604,9
727.3953056558604,9
717.6611832224874,8
717.6611832224874,8
717.6611832224874,8
717.6611832224874,8
717.6611832224874,8
717.6611832224874,8
717.6611832224874,8
717.6611832224874,8
717.6611832224874,8
714.4444812171249,7
714.4444812171249,7
714.4444812171249,7
714.4444812171249,7
714.4444812171249,7
714.4444812171249,7
714.4444812171249,7
714.4444812171249,7
714.4444812171249,7
714.4444812171249,7
714.4444812171249,7
714.4444812171249,7
714.4444812171249,7
714.4444812171249,7
714.4444812171249,7
714.4444812171249,7
714.4444812171249,7
714.4444812171249,7
714.4444812171249,7
714.4444812171249,7
712.4562318118321,7
712.4562318118321,7
712.4562318118321,7
712.4562318118321,7
712.4562318118321,7
712.4562318118321,7
712.4562318118321,7
712.4562318118321,7
712.4562318118321,7
712.4562318118321,7
712.4562318118321,7
708.4493334073096,8
708.4493334073096,8
708.4493334073096,8
708.4493334073096,8
708.4493334073096,8
708.4493334073096,8
708.4493334073096,8
708.4493334073096,8
708.4493334073096,8
708.4493334073096,8
708.4493334073096,8
708.4493334073096,8
708.4493334073096,8
708.4493334073096,8
708.4493334073096,8
708.4493334073096,8
698.5545930175504,7
698.5545930175504,7
698.5545930175504,7
698.5545930175504,7
698.5545930175504,7
698.5545930175504,7
698.5545930175504,7
698.5545930175504,7
698.5545930175504,7
698.5545930175504,7
698.5545930175504,7
698.5545930175504,7
698.5545930175504,7
698.5545930175504,7
698.5545930175504,7
698.5545930175504,7
698.5545930175504,7
698.5545930175504,7
692.7422159062173,8
692.7422159062173,8
692.7422159062173,8
692.7422159062173,8
692.7422159062173,8
692.7422159062173,8
692.7422159062173,8
692.7422159062173,8
692.7422159062173,8
692.7422159062173,8
692.7422159062173,8
692.7422159062173,8
689.6077981132512,8
689.6077981132512,8
689.6077981132512,8
689.6077981132512,8
689.6077981132512,8
689.6077981132512,8
689.6077981132512,8
689.6077981132512,8
689.6077981132512,8
689.6077981132512,8
689.6077981132512,8
689.6077981132512,8
689.6077981132512,8
689.6077981132512,8
689.6077981132512,8
689.6077981132512,8
689.6077981132512,8
689.6077981132512,8
689.6077981132512,8
689.6077981132512,8
689.6077981132512,8
689.6077981132512,8
689.6077981132512,8
689.6077981132512,8
689.6077981132512,8
689.6077981132512,8
689.6077981132512,8
689.6077981132512,8
689.6077981132512,8
689.6077981132512,8
689.6077981132512,8
689.6077981132512,8
689.6077981132512,8
689.6077981132512,8
689.6077981132512,8
689.6077981132512,8
689.6077981132512,8
689.6077981132512,8
689.6077981132512,8
689.6077981132512,8
689.6077981132512,8
689.6077981132512,8
689.6077981132512,8
689.6077981132512,8
689.6077981132512,8
689.6077981132512,8
689.6077981132512,8
689.6077981132512,8
689.6077981132512,8
689.6077981132512,8
689.6077981132512,8
689.6077981132512,8
689.6077981132512,8
689.6077981132512,8
689.6077981132512,8
689.6077981132512,8
689.6077981132512,8
689.6077981132512,8
689.6077981132512,8
689.6077981132512,8
689.6077981132512,8
689.6077981132512,8
689.6077981132512,8
689.6077981132512,8
689.6077981132512,8
674.0917324792765,8
674.0917324792765,8
674.0917324792765,8
674.0917324792765,8
674.0917324792765,8
665.7145090809603,8
665.7145090809603,8
665.7145090809603,8
665.7145090809603,8
665.7145090809603,8
665.7145090809603,8
665.7145090809603,8
665.7145090809603,8
665.7145090809603,8
665.7145090809603,8
665.7145090809603,8
665.7145090809603,8
665.7145090809603,8
665.7145090809603,8
665.7145090809603,8
665.7145090809603,8
665.7145090809603,8
665.7145090809603,8
665.7145090809603,8
665.7145090809603,8
665.7145090809603,8
665.7145090809603,8
665.7145090809603,8
665.7145090809603,8
665.7145090809603,8
665.7145090809603,8
665.7145090809603,8
665.7145090809603,8
665.7145090809603,8
665.7145090809603,8
665.7145090809603,8
665.7145090809603,8
665.7145090809603,8
665.7145090809603,8
665.7145090809603,8
665.7145090809603,8
665.7145090809603,8
665.7145090809603,8
665.7145090809603,8
665.7145090809603,8
665.7145090809603,8
665.7145090809603,8
665.7145090809603,8
665.7145090809603,8
665.7145090809603,8
665.7145090809603,8
665.7145090809603,8
665.7145090809603,8
665.7145090809603,8
665.7145090809603,8
665.7145090809603,8
665.7145090809603,8
665.7145090809603,8
665.7145090809603,8
665.7145090809603,8
665.7145090809603,8
665.7145090809603,8
665.7145090809603,8
665.7145090809603,8
665.7145090809603,8
665.7145090809603,8
665.7145090809603,8
665.7145090809603,8
665.7145090809603,8
665.7145090809603,8
665.7145090809603,8
665.7145090809603,8
665.7145090809603,8
665.7145090809603,8
665.7145090809603,8
665.7145090809603,8
665.7145090809603,8
665.7145090809603,8
665.7145090809603,8
665.7145090809603,8
665.7145090809603,8
665.7145090809603,8
665.7145090809603,8
665.7145090809603,8
665.7145090809603,8
665.7145090809603,8
665.7145090809603,8
665.7145090809603,8
665.7145090809603,8
665.7145090809603,8
665.7145090809603,8
665.7145090809603,8
665.7145090809603,8
665.7145090809603,8
665.7145090809603,8
665.7145090809603,8
665.7145090809603,8
665.7145090809603,8
665.7145090809603,8
665.7145090809603,8
665.7145090809603,8
665.7145090809603,8
665.7145090809603,8
665.7145090809603,8
665.7145090809603,8
665.7145090809603,8
665.7145090809603,8
665.7145090809603,8
665.7145090809603,8
665.7145090809603,8
665.7145090809603,8
665.7145090809603,8
665.7145090809603,8
665.7145090809603,8
665.7145090809603,8
665.7145090809603,8
665.7145090809603,8
665.7145090809603,8
665.7145090809603,8
665.7145090809603,8
665.7145090809603,8
665.7145090809603,8
665.7145090809603,8
665.7145090809603,8
665.7145090809603,8
665.7145090809603,8
665.7145090809603,8
665.7145090809603,8
665.7145090809603,8
665.7145090809603,8
665.7145090809603,8
665.7145090809603,8
665.7145090809603,8
665.7145090809603,8
665.7145090809603,8
665.7145090809603,8
665.7145090809603,8
665.7145090809603,8
665.7145090809603,8
665.7145090809603,8
665.7145090809603,8
665.7145090809603,8
665.7145090809603,8
665.7145090809603,8
665.7145090809603,8
665.7145090809603,8
665.7145090809603,8
665.7145090809603,8
665.7145090809603,8
665.7145090809603,8
665.7145090809603,8
665.7145090809603,8
665.7145090809603,8
665.7145090809603,8
665.7145090809603,8
665.7145090809603,8
665.7145090809603,8
665.7145090809603,8
665.7145090809603,8
665.7145090809603,8
665.7145090809603,8
665.7145090809603,8
665.7145090809603,8
665.7145090809603,8
665.7145090809603,8
665.7145090809603,8
665.7145090809603,8
665.7145090809603,8
665.7145090809603,8
665.7145090809603,8
665.7145090809603,8
665.7145090809603,8
665.7145090809603,8
665.7145090809603,8
665.7145090809603,8
665.7145090809603,8
665.7145090809603,8
665.7145090809603,8
665.7145090809603,8
665.7145090809603,8
665.7145090809603,8
665.7145090809603,8
665.7145090809603,8
665.7145090809603,8
665.7145090809603,8
665.7145090809603,8
665.7145090809603,8
665.7145090809603,8
665.7145090809603,8
665.7145090809603,8
665.7145090809603,8
665.7145090809603,8
665.7145090809603,8
665.7145090809603,8
665.7145090809603,8
665.7145090809603,8
665.7145090809603,8
665.7145090809603,8
665.7145090809603,8
665.7145090809603,8
665.7145090809603,8
665.7145090809603,8
665.7145090809603,8
665.7145090809603,8
665.7145090809603,8
665.7145090809603,8
665.7145090809603,8
665.7145090809603,8
665.7145090809603,8
665.7145090809603,8
665.7145090809603,8
665.7145090809603,8
665.7145090809603,8
665.7145090809603,8
665.7145090809603,8
665.7145090809603,8
665.7145090809603,8
665.7145090809603,8
665.7145090809603,8
665.7145090809603,8
665.7145090809603,8
665.7145090809603,8
665.7145090809603,8
665.7145090809603,8
665.7145090809603,8
665.7145090809603,8
665.7145090809603,8
665.7145090809603,8
665.7145090809603,8
665.7145090809603,8
665.7145090809603,8
665.7145090809603,8
665.7145090809603,8
665.7145090809603,8
665.7145090809603,8
665.7145090809603,8
665.7145090809603,8
665.7145090809603,8
665.7145090809603,8
665.7145090809603,8
665.7145090809603,8
665.7145090809603,8
665.7145090809603,8
665.7145090809603,8
665.7145090809603,8
665.7145090809603,8
665.7145090809603,8
665.7145090809603,8
665.7145090809603,8
665.7145090809603,8
665.7145090809603,8
665.7145090809603,8
665.7145090809603,8
665.7145090809603,8
665.7145090809603,8
665.7145090809603,8
665.7145090809603,8
665.7145090809603,8
665.7145090809603,8
665.7145090809603,8
665.7145090809603,8
665.7145090809603,8
665.7145090809603,8
665.7145090809603,8
665.7145090809603,8
665.7145090809603,8
665.7145090809603,8
665.7145090809603,8
665.7145090809603,8
665.7145090809603,8
665.7145090809603,8
665.7145090809603,8
665.7145090809603,8
665.7145090809603,8
665.7145090809603,8
665.7145090809603,8
665.7145090809603,8
665.7145090809603,8
665.7145090809603,8
665.7145090809603,8
665.7145090809603,8
665.7145090809603,8
665.7145090809603,8
665.7145090809603,8
665.7145090809603,8
665.7145090809603,8
665.7145090809603,8
665.7145090809603,8
665.7145090809603,8
665.7145090809603,8
665.7145090809603,8
665.7145090809603,8
665.7145090809603,8
665.7145090809603,8
665.7145090809603,8
665.7145090809603,8
665.7145090809603,8
665.7145090809603,8
665.7145090809603,8
665.7145090809603,8
665.7145090809603,8
665.7145090809603,8
665.7145090809603,8
665.7145090809603,8
665.7145090809603,8
665.7145090809603,8
665.7145090809603,8
640.4189475055396,7
640.4189475055396,7
640.4189475055396,7
640.4189475055396,7
640.4189475055396,7
640.4189475055396,7
640.4189475055396,7
640.4189475055396,7
640.4189475055396,7
640.4189475055396,7
640.4189475055396,7
640.4189475055396,7
640.4189475055396,7
640.4189475055396,7
640.4189475055396,7
640.4189475055396,7
640.4189475055396,7
640.4189475055396,7
640.4189475055396,7
640.4189475055396,7
640.4189475055396,7
640.4189475055396,7
640.4189475055396,7
640.4189475055396,7
640.4189475055396,7
640.4189475055396,7
640.4189475055396,7
640.4189475055396,7
640.4189475055396,7
640.4189475055396,7
640.4189475055396,7
640.4189475055396,7
640.4189475055396,7
640.4189475055396,7
640.4189475055396,7
640.4189475055396,7
640.4189475055396,7
640.4189475055396,7
640.4189475055396,7
640.4189475055396,7
640.4189475055396,7
640.4189475055396,7
640.4189475055396,7
640.4189475055396,7
640.4189475055396,7
640.4189475055396,7
640.4189475055396,7
640.4189475055396,7
640.4189475055396,7
640.4189475055396,7
640.4189475055396,7
640.4189475055396,7
640.4189475055396,7
640.4189475055396,7
640.4189475055396,7
640.4189475055396,7
640.4189475055396,7
640.4189475055396,7
640.4189475055396,7
640.4189475055396,7
640.4189475055396,7
640.4189475055396,7
640.4189475055396,7
640.4189475055396,7
640.4189475055396,7
640.4189475055396,7
640.4189475055396,7
640.4189475055396,7
640.4189475055396,7
640.4189475055396,7
640.4189475055396,7
640.4189475055396,7
640.4189475055396,7
640.4189475055396,7
640.4189475055396,7
640.4189475055396,7
640.4189475055396,7
640.4189475055396,7
640.4189475055396,7
640.4189475055396,7
640.4189475055396,7
640.4189475055396,7
640.4189475055396,7
640.4189475055396,7
640.4189475055396,7
640.4189475055396,7
640.4189475055396,7
640.4189475055396,7
640.4189475055396,7
640.4189475055396,7
640.4189475055396,7
640.4189475055396,7
640.4189475055396,7
640.4189475055396,7
640.4189475055396,7
640.4189475055396,7
640.4189475055396,7
640.4189475055396,7
640.4189475055396,7
640.4189475055396,7
640.4189475055396,7
640.4189475055396,7
640.4189475055396,7
640.4189475055396,7
640.4189475055396,7
640.4189475055396,7
640.4189475055396,7
640.4189475055396,7
640.4189475055396,7
640.4189475055396,7
640.4189475055396,7
640.4189475055396,7
640.4189475055396,7
640.4189475055396,7
640.4189475055396,7
640.4189475055396,7
640.4189475055396,7
640.4189475055396,7
640.4189475055396,7
640.4189475055396,7
640.4189475055396,7
640.4189475055396,7
640.4189475055396,7
640.4189475055396,7
640.4189475055396,7
640.4189475055396,7
640.4189475055396,7
640.4189475055396,7
640.4189475055396,7
640.4189475055396,7
640.4189475055396,7
640.4189475055396,7
640.4189475055396,7
640.4189475055396,7
640.4189475055396,7
640.4189475055396,7
640.4189475055396,7
640.4189475055396,7
640.4189475055396,7
640.4189475055396,7
640.4189475055396,7
640.4189475055396,7
640.4189475055396,7
640.4189475055396,7
640.4189475055396,7
640.4189475055396,7
640.4189475055396,7
640.4189475055396,7
640.4189475055396,7
640.4189475055396,7
640.4189475055396,7
640.4189475055396,7
640.4189475055396,7
640.4189475055396,7
640.4189475055396,7
640.4189475055396,7
640.4189475055396,7
640.4189475055396,7
640.4189475055396,7
640.4189475055396,7
640.4189475055396,7
640.4189475055396,7
640.4189475055396,7
640.4189475055396,7
640.4189475055396,7
640.4189475055396,7
640.4189475055396,7
640.4189475055396,7
640.4189475055396,7
640.4189475055396,7
640.4189475055396,7
640.4189475055396,7
640.4189475055396,7
640.4189475055396,7
640.4189475055396,7
640.4189475055396,7
640.4189475055396,7
640.4189475055396,7
640.4189475055396,7
640.4189475055396,7
640.4189475055396,7
640.4189475055396,7
640.4189475055396,7
640.4189475055396,7
640.4189475055396,7
640.4189475055396,7
640.4189475055396,7
640.4189475055396,7
640.4189475055396,7
640.4189475055396,7
640.4189475055396,7
640.4189475055396,7
640.4189475055396,7
640.4189475055396,7
640.4189475055396,7
640.4189475055396,7
640.4189475055396,7
640.4189475055396,7
640.4189475055396,7
640.4189475055396,7
640.4189475055396,7
640.4189475055396,7
640.4189475055396,7
640.4189475055396,7
640.4189475055396,7
640.4189475055396,7
640.4189475055396,7
640.4189475055396,7
640.4189475055396,7
640.4189475055396,7
640.4189475055396,7
640.4189475055396,7
640.4189475055396,7
640.4189475055396,7
640.4189475055396,7
640.4189475055396,7
640.4189475055396,7
640.4189475055396,7
640.4189475055396,7
640.4189475055396,7
640.4189475055396,7
640.4189475055396,7
640.4189475055396,7
640.4189475055396,7
640.4189475055396,7
640.4189475055396,7
640.4189475055396,7
640.4189475055396,7
640.4189475055396,7
640.4189475055396,7
640.4189475055396,7
640.4189475055396,7
640.4189475055396,7
640.4189475055396,7
640.4189475055396,7
640.4189475055396,7
640.4189475055396,7
640.4189475055396,7
640.4189475055396,7
640.4189475055396,7
640.4189475055396,7
640.4189475055396,7
640.4189475055396,7
640.4189475055396,7
640.4189475055396,7
640.4189475055396,7
640.4189475055396,7
640.4189475055396,7
640.4189475055396,7
640.4189475055396,7
640.4189475055396,7
640.4189475055396,7
640.4189475055396,7
640.4189475055396,7
640.4189475055396,7
640.4189475055396,7
640.4189475055396,7
640.4189475055396,7
640.4189475055396,7
640.4189475055396,7
640.4189475055396,7
640.4189475055396,7
640.4189475055396,7
640.4189475055396,7
640.4189475055396,7
640.4189475055396,7
640.4189475055396,7
640.4189475055396,7
640.4189475055396,7
640.4189475055396,7
640.4189475055396,7
640.4189475055396,7
640.4189475055396,7
640.4189475055396,7
640.4189475055396,7
640.4189475055396,7
640.4189475055396,7
640.4189475055396,7
640.4189475055396,7
640.4189475055396,7
640.4189475055396,7
640.4189475055396,7
640.4189475055396,7
640.4189475055396,7
640.4189475055396,7
640.4189475055396,7
640.4189475055396,7
640.4189475055396,7
640.4189475055396,7
640.4189475055396,7
640.4189475055396,7
640.4189475055396,7
640.4189475055396,7
640.4189475055396,7
640.4189475055396,7
640.4189475055396,7
640.4189475055396,7
640.4189475055396,7
640.4189475055396,7
640.4189475055396,7
640.4189475055396,7
640.4189475055396,7
640.4189475055396,7
640.4189475055396,7
640.4189475055396,7
640.4189475055396,7
640.4189475055396,7
640.4189475055396,7
640.4189475055396,7
640.4189475055396,7
640.4189475055396,7
640.4189475055396,7
640.4189475055396,7
640.4189475055396,7
640.4189475055396,7
640.4189475055396,7
640.4189475055396,7
640.4189475055396,7
640.4189475055396,7
640.4189475055396,7
640.4189475055396,7
640.4189475055396,7
640.4189475055396,7
640.4189475055396,7
640.4189475055396,7
640.4189475055396,7
640.4189475055396,7
640.4189475055396,7
640.4189475055396,7
640.4189475055396,7
640.4189475055396,7
640.4189475055396,7
640.4189475055396,7
640.4189475055396,7
640.4189475055396,7
640.4189475055396,7
640.4189475055396,7
640.4189475055396,7
640.4189475055396,7
640.4189475055396,7
640.4189475055396,7
640.4189475055396,7
640.4189475055396,7
640.4189475055396,7
640.4189475055396,7
640.4189475055396,7
640.4189475055396,7
640.4189475055396,7
640.4189475055396,7
640.4189475055396,7
640.4189475055396,7
640.4189475055396,7
640.4189475055396,7
640.4189475055396,7
640.4189475055396,7
640.4189475055396,7
