1246.160180248077,24
1194.359183345264,23
1171.795148544985,21
1171.795148544985,21
1167.5693139790612,21
1166.8125033486094,22
1154.5226501446034,22
1154.5226501446034,22
1122.399997348894,20
1122.399997348894,20
1122.399997348894,20
1122.399997348894,20
1110.9353442211209,19
1095.4320856845495,17
1095.4320856845495,17
1054.4070193737414,18
1054.4070193737414,18
1054.4070193737414,18
1054.4070193737414,18
1054.4070193737414,18
1054.4070193737414,18
1054.4070193737414,18
1054.4070193737414,18
1054.4070193737414,18
1054.4070193737414,18
1054.4070193737414,18
1011.1489052519107,18
1011.1489052519107,18
1011.1489052519107,18
1011.1489052519107,18
1011.1489052519107,18
1011.1489052519107,18
1011.1489052519107,18
1011.1489052519107,18
1011.1489052519107,18
1011.1489052519107,18
1007.1237595345782,16
983.0457796576485,15
983.0457796576485,15
983.0457796576485,15
983.0457796576485,15
983.0457796576485,15
983.0457796576485,15
983.0457796576485,15
983.0457796576485,15
983.0457796576485,15
979.893626443353,15
938.0830175725316,15
929.9035856694611,14
905.5168521927022,14
905.5168521927022,14
905.5168521927022,14
905.5168521927022,14
905.5168521927022,14
905.5168521927022,14
905.5168521927022,14
905.5168521927022,14
905.5168521927022,14
905.5168521927022,14
905.5168521927022,14
905.5168521927022,14
905.5168521927022,14
905.5168521927022,14
905.5168521927022,14
905.5168521927022,14
905.5168521927022,14
905.5168521927022,14
905.5168521927022,14
905.5168521927022,14
905.5168521927022,14
905.5168521927022,14
905.5168521927022,14
905.5168521927022,14
905.5168521927022,14
905.5168521927022,14
905.5168521927022,14
905.5168521927022,14
905.5168521927022,14
905.5168521927022,14
905.5168521927022,14
905.5168521927022,14
905.5168521927022,14
905.5168521927022,14
905.5168521927022,14
905.5168521927022,14
905.5168521927022,14
878.8491732002025,12
875.0701346671318,11
875.0701346671318,11
875.0701346671318,11
875.0701346671318,11
862.220338230187,11
862.220338230187,11
862.220338230187,11
862.220338230187,11
862.220338230187,11
850.8576056970654,12
850.8576056970654,12
850.8576056970654,12
835.3102212555644,11
835.3102212555644,11
835.3102212555644,11
835.3102212555644,11
835.3102212555644,11
835.3102212555644,11
835.3102212555644,11
835.3102212555644,11
835.3102212555644,11
835.3102212555644,11
835.3102212555644,11
835.3102212555644,11
835.3102212555644,11
835.3102212555644,11
835.3102212555644,11
835.3102212555644,11
823.5463078906668,11
823.5463078906668,11
823.5463078906668,11
823.5463078906668,11
823.5463078906668,11
823.5463078906668,11
823.5463078906668,11
823.5463078906668,11
823.5463078906668,11
808.4029281095794,10
808.4029281095794,10
808.4029281095794,10
808.4029281095794,10
808.4029281095794,10
808.4029281095794,10
808.4029281095794,10
808.4029281095794,10
808.4029281095794,10
808.4029281095794,10
808.4029281095794,10
808.4029281095794,10
808.4029281095794,10
808.4029281095794,10
808.4029281095794,10
808.4029281095794,10
808.4029281095794,10
808.4029281095794,10
808.4029281095794,10
808.4029281095794,10
808.4029281095794,10
808.4029281095794,10
808.4029281095794,10
808.4029281095794,10
808.4029281095794,10
808.4029281095794,10
808.4029281095794,10
808.4029281095794,10
808.4029281095794,10
808.4029281095794,10
808.4029281095794,10
808.4029281095794,10
808.4029281095794,10
808.4029281095794,10
806.9739659246349,11
806.9739659246349,11
806.9739659246349,11
806.9739659246349,11
806.9739659246349,11
806.9739659246349,11
806.9739659246349,11
806.9739659246349,11
806.9739659246349,11
806.9739659246349,11
806.9739659246349,11
806.0654851518053,11
806.0654851518053,11
806.0654851518053,11
797.5513109092501,11
797.5513109092501,11
797.5513109092501,11
797.5513109092501,11
797.5513109092501,11
797.5513109092501,11
797.5513109092501,11
797.5513109092501,11
797.5513109092501,11
797.5513109092501,11
797.5513109092501,11
797.5513109092501,11
797.5513109092501,11
797.5513109092501,11
797.5513109092501,11
797.5513109092501,11
797.5513109092501,11
797.5513109092501,11
797.5513109092501,11
797.5513109092501,11
797.5513109092501,11
797.5513109092501,11
797.5513109092501,11
797.5513109092501,11
797.5513109092501,11
797.5513109092501,11
797.5513109092501,11
797.5513109092501,11
797.5513109092501,11
797.5513109092501,11
797.5513109092501,11
797.5513109092501,11
797.5513109092501,11
797.5513109092501,11
797.5513109092501,11
788.1198346791922,10
788.1198346791922,10
788.1198346791922,10
788.1198346791922,10
788.1198346791922,10
788.1198346791922,10
788.1198346791922,10
788.1198346791922,10
788.1198346791922,10
788.1198346791922,10
788.1198346791922,10
788.1198346791922,10
782.5554113754296,10
760.2480683910238,9
754.186265447143,9
750.1544769566684,9
750.1544769566684,9
750.1544769566684,9
750.1544769566684,9
750.1544769566684,9
750.1544769566684,9
750.1544769566684,9
750.1544769566684,9
750.1544769566684,9
750.1544769566684,9
739.5851179061902,8
739.5851179061902,8
739.5851179061902,8
739.5851179061902,8
739.5851179061902,8
739.5851179061902,8
739.5851179061902,8
739.5851179061902,8
739.5851179061902,8
739.5851179061902,8
739.5851179061902,8
739.5851179061902,8
739.5851179061902,8
739.5851179061902,8
739.5851179061902,8
739.5851179061902,8
739.5851179061902,8
739.5851179061902,8
739.5851179061902,8
739.5851179061902,8
739.5851179061902,8
739.5851179061902,8
739.5851179061902,8
739.5851179061902,8
739.5851179061902,8
739.5851179061902,8
739.5851179061902,8
739.5851179061902,8
739.5851179061902,8
739.5851179061902,8
739.5851179061902,8
739.5851179061902,8
739.5851179061902,8
737.9920945236871,9
737.9920945236871,9
737.9920945236871,9
737.9920945236871,9
737.9920945236871,9
737.9920945236871,9
719.0427434998239,8
719.0427434998239,8
719.0427434998239,8
719.0427434998239,8
719.0427434998239,8
711.2546171972117,8
711.2546171972117,8
711.2546171972117,8
711.2546171972117,8
711.2546171972117,8
711.2546171972117,8
711.2546171972117,8
711.2546171972117,8
711.2546171972117,8
711.2546171972117,8
711.2546171972117,8
711.2546171972117,8
711.2546171972117,8
711.2546171972117,8
711.2546171972117,8
711.2546171972117,8
711.2546171972117,8
711.2546171972117,8
711.2546171972117,8
711.2546171972117,8
711.2546171972117,8
711.2546171972117,8
711.2546171972117,8
711.2546171972117,8
711.2546171972117,8
711.2546171972117,8
711.2546171972117,8
711.2546171972117,8
711.2546171972117,8
711.2546171972117,8
711.2546171972117,8
711.2546171972117,8
711.2546171972117,8
711.2546171972117,8
711.2546171972117,8
711.2546171972117,8
711.2546171972117,8
711.2546171972117,8
711.2546171972117,8
711.2546171972117,8
711.2546171972117,8
711.2546171972117,8
711.2546171972117,8
711.2546171972117,8
711.2546171972117,8
711.2546171972117,8
711.2546171972117,8
711.2546171972117,8
711.2546171972117,8
711.2546171972117,8
711.2546171972117,8
711.2546171972117,8
711.2546171972117,8
711.2546171972117,8
711.2546171972117,8
706.0557366947718,8
705.3205868246876,8
705.3205868246876,8
705.3205868246876,8
691.4116100462048,8
691.4116100462048,8
691.4116100462048,8
691.4116100462048,8
691.4116100462048,8
691.4116100462048,8
691.4116100462048,8
691.4116100462048,8
691.4116100462048,8
691.4116100462048,8
691.4116100462048,8
691.4116100462048,8
691.4116100462048,8
691.4116100462048,8
691.4116100462048,8
691.4116100462048,8
691.4116100462048,8
691.4116100462048,8
691.4116100462048,8
691.4116100462048,8
691.4116100462048,8
691.4116100462048,8
691.4116100462048,8
691.4116100462048,8
691.4116100462048,8
691.4116100462048,8
691.4116100462048,8
691.4116100462048,8
688.2134761342918,7
688.2134761342918,7
688.2134761342918,7
688.2134761342918,7
688.2134761342918,7
688.2134761342918,7
688.2134761342918,7
688.2134761342918,7
688.2134761342918,7
680.7260789981395,8
680.7260789981395,8
680.7260789981395,8
680.7260789981395,8
680.7260789981395,8
680.7260789981395,8
680.7260789981395,8
680.7260789981395,8
680.7260789981395,8
680.7260789981395,8
680.7260789981395,8
680.7260789981395,8
680.7260789981395,8
680.7260789981395,8
680.7260789981395,8
680.7260789981395,8
680.7260789981395,8
680.7260789981395,8
680.7260789981395,8
680.7260789981395,8
680.7260789981395,8
680.7260789981395,8
680.7260789981395,8
680.7260789981395,8
680.7260789981395,8
680.7260789981395,8
680.7260789981395,8
680.7260789981395,8
680.7260789981395,8
680.7260789981395,8
680.7260789981395,8
680.7260789981395,8
680.7260789981395,8
680.7260789981395,8
680.7260789981395,8
680.7260789981395,8
680.7260789981395,8
680.7260789981395,8
680.7260789981395,8
680.7260789981395,8
680.7260789981395,8
680.7260789981395,8
680.7260789981395,8
680.7260789981395,8
680.7260789981395,8
680.7260789981395,8
680.7260789981395,8
680.7260789981395,8
680.7260789981395,8
680.7260789981395,8
680.7260789981395,8
680.7260789981395,8
680.7260789981395,8
680.7260789981395,8
680.7260789981395,8
680.7260789981395,8
680.7260789981395,8
680.7260789981395,8
680.7260789981395,8
680.7260789981395,8
680.7260789981395,8
680.7260789981395,8
680.7260789981395,8
680.7260789981395,8
680.7260789981395,8
680.7260789981395,8
680.7260789981395,8
680.7260789981395,8
680.7260789981395,8
680.7260789981395,8
680.7260789981395,8
680.7260789981395,8
680.7260789981395,8
680.7260789981395,8
680.7260789981395,8
680.7260789981395,8
680.7260789981395,8
680.7260789981395,8
680.7260789981395,8
680.7260789981395,8
680.7260789981395,8
680.7260789981395,8
680.7260789981395,8
680.7260789981395,8
680.7260789981395,8
680.7260789981395,8
680.7260789981395,8
680.7260789981395,8
680.7260789981395,8
680.7260789981395,8
680.7260789981395,8
680.7260789981395,8
680.7260789981395,8
680.7260789981395,8
680.7260789981395,8
680.7260789981395,8
680.7260789981395,8
680.7260789981395,8
680.7260789981395,8
680.7260789981395,8
680.7260789981395,8
680.7260789981395,8
680.7260789981395,8
680.7260789981395,8
680.7260789981395,8
680.7260789981395,8
680.7260789981395,8
680.7260789981395,8
680.7260789981395,8
680.7260789981395,8
680.7260789981395,8
680.7260789981395,8
680.7260789981395,8
680.7260789981395,8
680.7260789981395,8
680.7260789981395,8
680.7260789981395,8
680.7260789981395,8
680.7260789981395,8
680.7260789981395,8
680.7260789981395,8
680.7260789981395,8
680.7260789981395,8
680.7260789981395,8
680.7260789981395,8
680.7260789981395,8
680.7260789981395,8
680.7260789981395,8
680.7260789981395,8
680.7260789981395,8
680.7260789981395,8
680.7260789981395,8
680.7260789981395,8
680.7260789981395,8
680.7260789981395,8
680.7260789981395,8
680.7260789981395,8
680.7260789981395,8
680.7260789981395,8
680.7260789981395,8
680.7260789981395,8
680.7260789981395,8
680.7260789981395,8
680.7260789981395,8
680.7260789981395,8
680.7260789981395,8
680.7260789981395,8
680.7260789981395,8
680.7260789981395,8
680.7260789981395,8
680.7260789981395,8
680.7260789981395,8
680.7260789981395,8
680.7260789981395,8
680.7260789981395,8
680.7260789981395,8
680.7260789981395,8
680.7260789981395,8
680.7260789981395,8
680.7260789981395,8
680.7260789981395,8
680.7260789981395,8
680.7260789981395,8
680.7260789981395,8
680.7260789981395,8
680.7260789981395,8
680.7260789981395,8
680.7260789981395,8
680.7260789981395,8
680.7260789981395,8
680.7260789981395,8
680.7260789981395,8
680.7260789981395,8
680.7260789981395,8
680.7260789981395,8
680.7260789981395,8
680.7260789981395,8
680.7260789981395,8
680.7260789981395,8
680.7260789981395,8
680.7260789981395,8
680.7260789981395,8
680.7260789981395,8
680.7260789981395,8
680.7260789981395,8
680.7260789981395,8
680.7260789981395,8
680.7260789981395,8
680.7260789981395,8
680.7260789981395,8
680.7260789981395,8
680.7260789981395,8
680.7260789981395,8
680.7260789981395,8
680.7260789981395,8
680.7260789981395,8
680.7260789981395,8
680.7260789981395,8
680.7260789981395,8
680.7260789981395,8
680.7260789981395,8
680.7260789981395,8
680.7260789981395,8
680.7260789981395,8
680.7260789981395,8
680.7260789981395,8
680.7260789981395,8
680.7260789981395,8
680.7260789981395,8
680.7260789981395,8
680.7260789981395,8
680.7260789981395,8
680.7260789981395,8
680.7260789981395,8
680.7260789981395,8
680.7260789981395,8
680.7260789981395,8
680.7260789981395,8
680.7260789981395,8
680.7260789981395,8
680.7260789981395,8
680.7260789981395,8
680.7260789981395,8
680.7260789981395,8
680.7260789981395,8
680.7260789981395,8
680.7260789981395,8
680.7260789981395,8
680.7260789981395,8
680.7260789981395,8
680.7260789981395,8
680.7260789981395,8
680.7260789981395,8
680.7260789981395,8
680.7260789981395,8
680.7260789981395,8
680.7260789981395,8
680.7260789981395,8
680.7260789981395,8
680.7260789981395,8
680.7260789981395,8
680.7260789981395,8
680.7260789981395,8
680.7260789981395,8
680.7260789981395,8
680.7260789981395,8
680.7260789981395,8
680.7260789981395,8
680.7260789981395,8
680.7260789981395,8
680.7260789981395,8
680.7260789981395,8
680.7260789981395,8
680.7260789981395,8
680.7260789981395,8
680.7260789981395,8
680.7260789981395,8
680.7260789981395,8
680.7260789981395,8
680.7260789981395,8
680.7260789981395,8
680.7260789981395,8
680.7260789981395,8
680.7260789981395,8
680.7260789981395,8
680.7260789981395,8
680.7260789981395,8
680.7260789981395,8
680.7260789981395,8
680.7260789981395,8
680.7260789981395,8
680.7260789981395,8
680.7260789981395,8
680.7260789981395,8
680.7260789981395,8
680.7260789981395,8
680.7260789981395,8
680.7260789981395,8
680.7260789981395,8
680.7260789981395,8
680.7260789981395,8
680.7260789981395,8
680.7260789981395,8
680.7260789981395,8
680.7260789981395,8
680.7260789981395,8
680.7260789981395,8
680.7260789981395,8
680.7260789981395,8
680.7260789981395,8
680.7260789981395,8
680.7260789981395,8
680.7260789981395,8
680.7260789981395,8
680.7260789981395,8
680.7260789981395,8
680.7260789981395,8
680.7260789981395,8
680.7260789981395,8
680.7260789981395,8
680.7260789981395,8
680.7260789981395,8
680.7260789981395,8
680.7260789981395,8
680.7260789981395,8
680.7260789981395,8
680.7260789981395,8
680.7260789981395,8
680.7260789981395,8
680.7260789981395,8
680.7260789981395,8
680.7260789981395,8
680.7260789981395,8
680.7260789981395,8
680.7260789981395,8
680.7260789981395,8
680.7260789981395,8
680.7260789981395,8
680.7260789981395,8
680.7260789981395,8
680.7260789981395,8
680.7260789981395,8
680.7260789981395,8
680.7260789981395,8
680.7260789981395,8
680.7260789981395,8
680.7260789981395,8
680.7260789981395,8
680.7260789981395,8
680.7260789981395,8
680.7260789981395,8
680.7260789981395,8
680.7260789981395,8
680.7260789981395,8
680.7260789981395,8
680.7260789981395,8
680.7260789981395,8
680.7260789981395,8
680.7260789981395,8
680.7260789981395,8
680.7260789981395,8
680.7260789981395,8
680.7260789981395,8
680.7260789981395,8
680.7260789981395,8
680.7260789981395,8
680.7260789981395,8
680.7260789981395,8
680.7260789981395,8
680.7260789981395,8
680.7260789981395,8
680.7260789981395,8
680.7260789981395,8
680.7260789981395,8
680.7260789981395,8
680.7260789981395,8
680.7260789981395,8
680.7260789981395,8
680.7260789981395,8
680.7260789981395,8
680.7260789981395,8
680.7260789981395,8
680.7260789981395,8
680.7260789981395,8
680.7260789981395,8
680.7260789981395,8
680.7260789981395,8
680.7260789981395,8
680.7260789981395,8
680.7260789981395,8
680.7260789981395,8
680.7260789981395,8
680.7260789981395,8
680.7260789981395,8
680.7260789981395,8
680.7260789981395,8
680.7260789981395,8
680.7260789981395,8
680.7260789981395,8
680.7260789981395,8
680.7260789981395,8
680.7260789981395,8
680.7260789981395,8
680.7260789981395,8
680.7260789981395,8
680.7260789981395,8
680.7260789981395,8
680.7260789981395,8
680.7260789981395,8
680.7260789981395,8
680.7260789981395,8
680.7260789981395,8
680.7260789981395,8
680.7260789981395,8
680.7260789981395,8
680.7260789981395,8
680.7260789981395,8
680.7260789981395,8
680.7260789981395,8
680.7260789981395,8
680.7260789981395,8
680.7260789981395,8
680.7260789981395,8
680.7260789981395,8
680.7260789981395,8
680.7260789981395,8
680.7260789981395,8
680.7260789981395,8
680.7260789981395,8
680.7260789981395,8
680.7260789981395,8
680.7260789981395,8
680.7260789981395,8
680.7260789981395,8
680.7260789981395,8
680.7260789981395,8
680.7260789981395,8
680.7260789981395,8
680.7260789981395,8
680.7260789981395,8
680.7260789981395,8
680.7260789981395,8
680.7260789981395,8
680.7260789981395,8
680.7260789981395,8
680.7260789981395,8
680.7260789981395,8
680.7260789981395,8
680.7260789981395,8
680.7260789981395,8
680.7260789981395,8
680.7260789981395,8
680.7260789981395,8
680.7260789981395,8
680.7260789981395,8
680.7260789981395,8
680.7260789981395,8
680.7260789981395,8
680.7260789981395,8
680.7260789981395,8
680.7260789981395,8
680.7260789981395,8
680.7260789981395,8
680.7260789981395,8
680.7260789981395,8
680.7260789981395,8
680.7260789981395,8
680.7260789981395,8
680.7260789981395,8
680.7260789981395,8
680.7260789981395,8
680.7260789981395,8
680.7260789981395,8
680.7260789981395,8
680.7260789981395,8
680.7260789981395,8
680.7260789981395,8
680.7260789981395,8
680.7260789981395,8
680.7260789981395,8
680.7260789981395,8
680.7260789981395,8
680.7260789981395,8
680.7260789981395,8
680.7260789981395,8
680.7260789981395,8
680.7260789981395,8
680.7260789981395,8
680.7260789981395,8
680.7260789981395,8
680.7260789981395,8
680.7260789981395,8
680.7260789981395,8
680.7260789981395,8
680.7260789981395,8
680.7260789981395,8
677.3177884648272,8
677.3177884648272,8
677.3177884648272,8
677.3177884648272,8
677.3177884648272,8
677.3177884648272,8
677.3177884648272,8
677.3177884648272,8
677.3177884648272,8
677.3177884648272,8
677.3177884648272,8
677.3177884648272,8
677.3177884648272,8
677.3177884648272,8
677.3177884648272,8
677.3177884648272,8
677.3177884648272,8
677.3177884648272,8
677.3177884648272,8
677.3177884648272,8
677.3177884648272,8
677.3177884648272,8
677.3177884648272,8
677.3177884648272,8
677.3177884648272,8
677.3177884648272,8
677.3177884648272,8
677.3177884648272,8
677.3177884648272,8
677.3177884648272,8
677.3177884648272,8
677.3177884648272,8
677.3177884648272,8
677.3177884648272,8
677.3177884648272,8
677.3177884648272,8
665.7644487489796,7
665.7644487489796,7
665.7644487489796,7
665.7644487489796,7
665.7644487489796,7
665.7644487489796,7
665.7644487489796,7
665.7644487489796,7
665.7644487489796,7
665.7644487489796,7
665.7644487489796,7
665.7644487489796,7
665.7644487489796,7
665.7644487489796,7
665.7644487489796,7
665.7644487489796,7
665.7644487489796,7
665.7644487489796,7
665.7644487489796,7
665.7644487489796,7
665.7644487489796,7
665.7644487489796,7
665.7644487489796,7
665.7644487489796,7
664.8339259977843,7
664.8339259977843,7
664.8339259977843,7
664.8339259977843,7
664.8339259977843,7
664.8339259977843,7
652.4561074462209,7
652.4561074462209,7
652.4561074462209,7
652.4561074462209,7
652.4561074462209,7
652.4561074462209,7
652.4561074462209,7
652.4561074462209,7
652.4561074462209,7
652.4561074462209,7
652.4561074462209,7
652.4561074462209,7
652.4561074462209,7
652.4561074462209,7
652.4561074462209,7
652.4561074462209,7
652.4561074462209,7
652.4561074462209,7
651.5334280726208,7
651.5334280726208,7
651.5334280726208,7
651.5334280726208,7
651.5334280726208,7
651.5334280726208,7
651.5334280726208,7
651.5334280726208,7
651.5334280726208,7
651.5334280726208,7
651.5334280726208,7
651.5334280726208,7
651.5334280726208,7
638.2250867698621,7
638.2250867698621,7
638.2250867698621,7
638.2250867698621,7
634.6058320594324,7
634.6058320594324,7
634.6058320594324,7
634.6058320594324,7
634.6058320594324,7
634.6058320594324,7
634.6058320594324,7
634.6058320594324,7
634.6058320594324,7
634.6058320594324,7
634.6058320594324,7
634.6058320594324,7
634.6058320594324,7
634.6058320594324,7
634.6058320594324,7
634.6058320594324,7
634.6058320594324,7
634.6058320594324,7
634.6058320594324,7
634.6058320594324,7
634.6058320594324,7
634.6058320594324,7
634.6058320594324,7
634.6058320594324,7
634.6058320594324,7
634.6058320594324,7
634.6058320594324,7
634.6058320594324,7
634.6058320594324,7
634.6058320594324,7
634.6058320594324,7
634.6058320594324,7
634.6058320594324,7
634.6058320594324,7
634.6058320594324,7
634.6058320594324,7
634.6058320594324,7
634.6058320594324,7
634.6058320594324,7
634.6058320594324,7
634.6058320594324,7
634.6058320594324,7
634.6058320594324,7
634.6058320594324,7
634.6058320594324,7
634.6058320594324,7
634.6058320594324,7
634.6058320594324,7
634.6058320594324,7
634.6058320594324,7
634.6058320594324,7
