1246.1601802480773,24
1194.5914042082607,23
1181.6554548605434,22
1181.6554548605434,22
1166.0650441645414,21
1166.0650441645414,21
1121.3381957276927,20
1121.3381957276927,20
1121.3381957276927,20
1121.3381957276927,20
1114.780770065228,19
1114.780770065228,19
1104.8789420682601,19
1104.8789420682601,19
1104.8789420682601,19
1098.68309010504,20
1093.1989299662748,18
1063.6814888836152,16
1063.6814888836152,16
1063.6814888836152,16
1063.6814888836152,16
1063.6814888836152,16
1063.6814888836152,16
1063.6814888836152,16
1054.0554313816842,18
1054.0554313816842,18
1042.8890833063033,18
1004.6705391550364,17
1004.6705391550364,17
1004.6705391550364,17
1004.6705391550364,17
994.6300115015412,17
953.1017631152196,16
953.1017631152196,16
953.1017631152196,16
953.1017631152196,16
953.1017631152196,16
953.1017631152196,16
953.1017631152196,16
953.1017631152196,16
953.1017631152196,16
948.9784992274679,15
948.9784992274679,15
917.2721435168556,14
917.2721435168556,14
917.2721435168556,14
917.2721435168556,14
917.2721435168556,14
917.2721435168556,14
917.2721435168556,14
917.2721435168556,14
917.2721435168556,14
917.2721435168556,14
917.2721435168556,14
917.2721435168556,14
917.2721435168556,14
917.2721435168556,14
917.2721435168556,14
917.2721435168556,14
917.2721435168556,14
917.2721435168556,14
917.2721435168556,14
917.2721435168556,14
917.2721435168556,14
897.1784755268914,11
897.1784755268914,11
897.1784755268914,11
897.1784755268914,11
897.1784755268914,11
897.1784755268914,11
897.1784755268914,11
897.1784755268914,11
897.1784755268914,11
897.1784755268914,11
897.1784755268914,11
897.1784755268914,11
897.1784755268914,11
897.1784755268914,11
897.1784755268914,11
897.1784755268914,11
897.1784755268914,11
897.1784755268914,11
897.1784755268914,11
897.1784755268914,11
878.9169275037806,10
878.9169275037806,10
878.9169275037806,10
878.9169275037806,10
878.9169275037806,10
878.9169275037806,10
878.9169275037806,10
878.9169275037806,10
878.9169275037806,10
878.9169275037806,10
878.9169275037806,10
875.2811169035707,12
875.2811169035707,12
875.2811169035707,12
875.2811169035707,12
875.2811169035707,12
875.2811169035707,12
866.2470581600716,10
866.2470581600716,10
866.2470581600716,10
866.2470581600716,10
866.2470581600716,10
866.2470581600716,10
866.2470581600716,10
866.2470581600716,10
866.2470581600716,10
866.2470581600716,10
866.2470581600716,10
866.2470581600716,10
866.2470581600716,10
866.2470581600716,10
858.6305052563192,9
858.6305052563192,9
858.6305052563192,9
858.6305052563192,9
858.6305052563192,9
847.5186176513215,10
847.5186176513215,10
847.5186176513215,10
847.5186176513215,10
847.5186176513215,10
847.5186176513215,10
847.5186176513215,10
847.5186176513215,10
847.5186176513215,10
847.5186176513215,10
847.5186176513215,10
847.5186176513215,10
847.5186176513215,10
847.5186176513215,10
847.5186176513215,10
847.5186176513215,10
847.5186176513215,10
847.5186176513215,10
847.5186176513215,10
847.5186176513215,10
847.5186176513215,10
847.5186176513215,10
847.5186176513215,10
847.5186176513215,10
847.5186176513215,10
847.5186176513215,10
847.5186176513215,10
847.5186176513215,10
847.5186176513215,10
847.5186176513215,10
847.5186176513215,10
847.5186176513215,10
847.5186176513215,10
847.5186176513215,10
847.5186176513215,10
847.5186176513215,10
847.5186176513215,10
847.5186176513215,10
847.5186176513215,10
847.5186176513215,10
847.5186176513215,10
847.5186176513215,10
847.5186176513215,10
847.5186176513215,10
847.5186176513215,10
847.5186176513215,10
847.5186176513215,10
847.5186176513215,10
847.5186176513215,10
847.5186176513215,10
847.5186176513215,10
847.5186176513215,10
847.5186176513215,10
847.5186176513215,10
847.5186176513215,10
847.5186176513215,10
847.5186176513215,10
847.5186176513215,10
847.5186176513215,10
847.5186176513215,10
847.5186176513215,10
847.5186176513215,10
847.5186176513215,10
847.5186176513215,10
847.5186176513215,10
847.5186176513215,10
847.5186176513215,10
847.5186176513215,10
847.5186176513215,10
847.5186176513215,10
847.5186176513215,10
847.5186176513215,10
847.5186176513215,10
847.5186176513215,10
847.5186176513215,10
847.5186176513215,10
847.5186176513215,10
847.5186176513215,10
847.5186176513215,10
847.5186176513215,10
847.5186176513215,10
847.5186176513215,10
847.5186176513215,10
818.951604385199,10
818.951604385199,10
818.951604385199,10
818.951604385199,10
818.951604385199,10
818.951604385199,10
818.951604385199,10
818.951604385199,10
818.951604385199,10
818.951604385199,10
817.9372887285211,11
817.9372887285211,11
812.2907545236999,11
812.2907545236999,11
812.2907545236999,11
812.2907545236999,11
812.2907545236999,11
812.2907545236999,11
812.2907545236999,11
812.2907545236999,11
812.2907545236999,11
812.2907545236999,11
812.2907545236999,11
812.2907545236999,11
812.2907545236999,11
812.2907545236999,11
812.2907545236999,11
812.2907545236999,11
812.2907545236999,11
812.2907545236999,11
812.2907545236999,11
812.2907545236999,11
812.2907545236999,11
812.2907545236999,11
812.2907545236999,11
812.2907545236999,11
812.2907545236999,11
812.2907545236999,11
812.2907545236999,11
812.2907545236999,11
812.2907545236999,11
812.2907545236999,11
812.2907545236999,11
811.0121019146217,10
811.0121019146217,10
811.0121019146217,10
811.0121019146217,10
811.0121019146217,10
811.0121019146217,10
811.0121019146217,10
811.0121019146217,10
811.0121019146217,10
811.0121019146217,10
811.0121019146217,10
806.1857252090958,10
805.1717304524373,10
805.1717304524373,10
805.1717304524373,10
805.1717304524373,10
801.1122400815683,10
801.1122400815683,10
801.1122400815683,10
801.1122400815683,10
801.1122400815683,10
800.819040786864,10
790.5533058895899,9
790.5533058895899,9
790.5533058895899,9
790.5533058895899,9
787.7826400700878,10
787.7826400700878,10
775.6501572036407,11
775.6501572036407,11
775.6501572036407,11
775.6501572036407,11
775.6501572036407,11
775.6501572036407,11
775.6501572036407,11
775.6501572036407,11
775.6501572036407,11
775.6501572036407,11
775.6501572036407,11
775.6501572036407,11
775.6501572036407,11
775.6501572036407,11
775.6501572036407,11
775.6501572036407,11
775.6501572036407,11
775.6501572036407,11
775.6501572036407,11
775.6501572036407,11
775.6501572036407,11
775.6501572036407,11
775.6501572036407,11
775.6501572036407,11
775.6501572036407,11
775.6501572036407,11
775.6501572036407,11
775.6501572036407,11
775.6501572036407,11
775.6501572036407,11
775.6501572036407,11
769.1571303483285,9
769.1571303483285,9
769.1571303483285,9
769.1571303483285,9
769.1571303483285,9
755.138778346096,9
755.138778346096,9
755.138778346096,9
755.138778346096,9
755.138778346096,9
755.138778346096,9
755.138778346096,9
755.138778346096,9
755.138778346096,9
755.138778346096,9
755.138778346096,9
752.0041515039948,10
739.7823482007991,9
739.7823482007991,9
739.7823482007991,9
739.7823482007991,9
739.7823482007991,9
739.7823482007991,9
739.7823482007991,9
739.7823482007991,9
739.7823482007991,9
739.7823482007991,9
739.7823482007991,9
739.7823482007991,9
739.7823482007991,9
739.7823482007991,9
739.7823482007991,9
739.7823482007991,9
739.7823482007991,9
739.7823482007991,9
739.7823482007991,9
739.7823482007991,9
739.7823482007991,9
739.7823482007991,9
739.7823482007991,9
739.7823482007991,9
739.7823482007991,9
739.7823482007991,9
739.7823482007991,9
739.7823482007991,9
739.7823482007991,9
739.7823482007991,9
739.7823482007991,9
739.7823482007991,9
739.7823482007991,9
739.7823482007991,9
739.7823482007991,9
739.7823482007991,9
739.7823482007991,9
732.1861326478449,9
732.1861326478449,9
732.1861326478449,9
732.1861326478449,9
732.1861326478449,9
732.1861326478449,9
732.1861326478449,9
732.1861326478449,9
732.1861326478449,9
732.1861326478449,9
732.1861326478449,9
732.1861326478449,9
732.1861326478449,9
732.1861326478449,9
732.1861326478449,9
732.1861326478449,9
732.1861326478449,9
732.1861326478449,9
732.1861326478449,9
732.1861326478449,9
732.1861326478449,9
712.5969815100087,9
712.5969815100087,9
712.5969815100087,9
712.5969815100087,9
712.5969815100087,9
712.5969815100087,9
712.5969815100087,9
712.5969815100087,9
712.5969815100087,9
712.5969815100087,9
712.5969815100087,9
712.5969815100087,9
712.5969815100087,9
712.5969815100087,9
712.5969815100087,9
712.5969815100087,9
712.5969815100087,9
712.5969815100087,9
712.5969815100087,9
712.5969815100087,9
712.5969815100087,9
712.5969815100087,9
712.5969815100087,9
712.5969815100087,9
712.5969815100087,9
712.5969815100087,9
712.5969815100087,9
712.5969815100087,9
712.5969815100087,9
712.5969815100087,9
712.5969815100087,9
712.5969815100087,9
712.5969815100087,9
706.8700711910129,8
706.8700711910129,8
706.8700711910129,8
706.8700711910129,8
706.8700711910129,8
706.8700711910129,8
706.8700711910129,8
706.8700711910129,8
706.8700711910129,8
706.8700711910129,8
706.8700711910129,8
706.8700711910129,8
706.8700711910129,8
706.8700711910129,8
706.8700711910129,8
706.8700711910129,8
706.8700711910129,8
706.8700711910129,8
706.8700711910129,8
706.8700711910129,8
706.8700711910129,8
706.8700711910129,8
706.8700711910129,8
706.8700711910129,8
706.8700711910129,8
706.8678050679786,8
706.8678050679786,8
706.8678050679786,8
706.8678050679786,8
706.8678050679786,8
706.8678050679786,8
706.8678050679786,8
706.8678050679786,8
706.8678050679786,8
706.8678050679786,8
706.8678050679786,8
706.8678050679786,8
705.6216904432586,8
705.6216904432586,8
705.6216904432586,8
705.6216904432586,8
705.6216904432586,8
705.6216904432586,8
705.6216904432586,8
705.6216904432586,8
705.6216904432586,8
705.6216904432586,8
705.6216904432586,8
705.6216904432586,8
705.6216904432586,8
705.6216904432586,8
705.6216904432586,8
705.6216904432586,8
705.6216904432586,8
705.6216904432586,8
705.6216904432586,8
705.6216904432586,8
705.6216904432586,8
705.6216904432586,8
705.6216904432586,8
705.6216904432586,8
705.6216904432586,8
702.0737995838355,8
702.0737995838355,8
677.1635967353271,7
677.1635967353271,7
677.1635967353271,7
677.1635967353271,7
677.1635967353271,7
677.1635967353271,7
677.1635967353271,7
677.1635967353271,7
677.1635967353271,7
677.1635967353271,7
677.1635967353271,7
677.1635967353271,7
677.1635967353271,7
677.1635967353271,7
677.1635967353271,7
677.1635967353271,7
677.1635967353271,7
677.1635967353271,7
677.1635967353271,7
677.1635967353271,7
677.1635967353271,7
677.1635967353271,7
677.1635967353271,7
677.1635967353271,7
677.1635967353271,7
671.5095983682288,7
671.5095983682288,7
671.5095983682288,7
671.5095983682288,7
671.5095983682288,7
671.5095983682288,7
671.5095983682288,7
671.5095983682288,7
671.5095983682288,7
671.5095983682288,7
671.5095983682288,7
671.5095983682288,7
671.5095983682288,7
671.5095983682288,7
671.5095983682288,7
671.5095983682288,7
671.5095983682288,7
671.5095983682288,7
671.5095983682288,7
671.5095983682288,7
671.5095983682288,7
671.5095983682288,7
671.5095983682288,7
671.5095983682288,7
671.5095983682288,7
671.5095983682288,7
671.5095983682288,7
671.5095983682288,7
671.5095983682288,7
671.5095983682288,7
671.5095983682288,7
671.5095983682288,7
671.5095983682288,7
671.5095983682288,7
671.5095983682288,7
671.5095983682288,7
671.5095983682288,7
671.5095983682288,7
671.5095983682288,7
671.5095983682288,7
671.5095983682288,7
671.5095983682288,7
671.5095983682288,7
671.5095983682288,7
671.5095983682288,7
671.5095983682288,7
671.5095983682288,7
671.5095983682288,7
671.5095983682288,7
671.5095983682288,7
671.5095983682288,7
671.5095983682288,7
671.5095983682288,7
671.5095983682288,7
671.5095983682288,7
671.5095983682288,7
671.5095983682288,7
671.5095983682288,7
671.5095983682288,7
671.5095983682288,7
671.5095983682288,7
667.0215643994608,7
667.0215643994608,7
667.0215643994608,7
667.0215643994608,7
667.0215643994608,7
667.0215643994608,7
667.0215643994608,7
667.0215643994608,7
667.0215643994608,7
667.0215643994608,7
667.0215643994608,7
667.0215643994608,7
667.0215643994608,7
667.0215643994608,7
667.0215643994608,7
667.0215643994608,7
667.0215643994608,7
667.0215643994608,7
667.0215643994608,7
667.0215643994608,7
667.0215643994608,7
667.0215643994608,7
667.0215643994608,7
667.0215643994608,7
667.0215643994608,7
667.0215643994608,7
667.0215643994608,7
667.0215643994608,7
667.0215643994608,7
667.0215643994608,7
667.0215643994608,7
667.0215643994608,7
667.0215643994608,7
667.0215643994608,7
667.0215643994608,7
667.0215643994608,7
667.0215643994608,7
667.0215643994608,7
667.0215643994608,7
667.0215643994608,7
667.0215643994608,7
667.0215643994608,7
667.0215643994608,7
667.0215643994608,7
667.0215643994608,7
667.0215643994608,7
667.0215643994608,7
667.0215643994608,7
667.0215643994608,7
667.0215643994608,7
667.0215643994608,7
667.0215643994608,7
667.0215643994608,7
667.0215643994608,7
667.0215643994608,7
667.0215643994608,7
667.0215643994608,7
667.0215643994608,7
667.0215643994608,7
667.0215643994608,7
667.0215643994608,7
667.0215643994608,7
667.0215643994608,7
667.0215643994608,7
667.0215643994608,7
667.0215643994608,7
667.0215643994608,7
667.0215643994608,7
667.0215643994608,7
667.0215643994608,7
667.0215643994608,7
667.0215643994608,7
667.0215643994608,7
667.0215643994608,7
667.0215643994608,7
667.0215643994608,7
667.0215643994608,7
667.0215643994608,7
667.0215643994608,7
667.0215643994608,7
667.0215643994608,7
667.0215643994608,7
667.0215643994608,7
667.0215643994608,7
667.0215643994608,7
667.0215643994608,7
667.0215643994608,7
667.0215643994608,7
667.0215643994608,7
667.0215643994608,7
667.0215643994608,7
667.0215643994608,7
667.0215643994608,7
667.0215643994608,7
667.0215643994608,7
667.0215643994608,7
667.0215643994608,7
667.0215643994608,7
667.0215643994608,7
667.0215643994608,7
667.0215643994608,7
667.0215643994608,7
667.0215643994608,7
667.0215643994608,7
667.0215643994608,7
667.0215643994608,7
667.0215643994608,7
667.0215643994608,7
667.0215643994608,7
667.0215643994608,7
667.0215643994608,7
667.0215643994608,7
667.0215643994608,7
667.0215643994608,7
667.0215643994608,7
667.0215643994608,7
667.0215643994608,7
667.0215643994608,7
667.0215643994608,7
667.0215643994608,7
667.0215643994608,7
667.0215643994608,7
667.0215643994608,7
667.0215643994608,7
667.0215643994608,7
667.0215643994608,7
667.0215643994608,7
667.0215643994608,7
667.0215643994608,7
667.0215643994608,7
667.0215643994608,7
667.0215643994608,7
667.0215643994608,7
667.0215643994608,7
667.0215643994608,7
667.0215643994608,7
667.0215643994608,7
667.0215643994608,7
667.0215643994608,7
667.0215643994608,7
667.0215643994608,7
667.0215643994608,7
667.0215643994608,7
667.0215643994608,7
667.0215643994608,7
667.0215643994608,7
667.0215643994608,7
667.0215643994608,7
667.0215643994608,7
667.0215643994608,7
667.0215643994608,7
667.0215643994608,7
667.0215643994608,7
667.0215643994608,7
667.0215643994608,7
667.0215643994608,7
667.0215643994608,7
667.0215643994608,7
667.0215643994608,7
667.0215643994608,7
667.0215643994608,7
667.0215643994608,7
667.0215643994608,7
667.0215643994608,7
667.0215643994608,7
667.0215643994608,7
667.0215643994608,7
667.0215643994608,7
667.0215643994608,7
667.0215643994608,7
667.0215643994608,7
667.0215643994608,7
667.0215643994608,7
667.0215643994608,7
667.0215643994608,7
667.0215643994608,7
667.0215643994608,7
667.0215643994608,7
667.0215643994608,7
667.0215643994608,7
667.0215643994608,7
667.0215643994608,7
667.0215643994608,7
667.0215643994608,7
667.0215643994608,7
667.0215643994608,7
667.0215643994608,7
667.0215643994608,7
667.0215643994608,7
667.0215643994608,7
667.0215643994608,7
667.0215643994608,7
667.0215643994608,7
667.0215643994608,7
667.0215643994608,7
667.0215643994608,7
667.0215643994608,7
667.0215643994608,7
667.0215643994608,7
667.0215643994608,7
667.0215643994608,7
667.0215643994608,7
667.0215643994608,7
667.0215643994608,7
667.0215643994608,7
667.0215643994608,7
667.0215643994608,7
667.0215643994608,7
667.0215643994608,7
667.0215643994608,7
667.0215643994608,7
667.0215643994608,7
667.0215643994608,7
667.0215643994608,7
667.0215643994608,7
667.0215643994608,7
667.0215643994608,7
667.0215643994608,7
667.0215643994608,7
667.0215643994608,7
667.0215643994608,7
667.0215643994608,7
667.0215643994608,7
667.0215643994608,7
667.0215643994608,7
667.0215643994608,7
667.0215643994608,7
667.0215643994608,7
667.0215643994608,7
667.0215643994608,7
667.0215643994608,7
667.0215643994608,7
667.0215643994608,7
667.0215643994608,7
667.0215643994608,7
667.0215643994608,7
667.0215643994608,7
667.0215643994608,7
667.0215643994608,7
667.0215643994608,7
667.0215643994608,7
667.0215643994608,7
667.0215643994608,7
667.0215643994608,7
667.0215643994608,7
667.0215643994608,7
667.0215643994608,7
667.0215643994608,7
663.4000591843408,7
663.4000591843408,7
663.4000591843408,7
663.4000591843408,7
663.4000591843408,7
663.4000591843408,7
663.4000591843408,7
663.4000591843408,7
663.4000591843408,7
663.4000591843408,7
663.4000591843408,7
663.4000591843408,7
663.4000591843408,7
663.4000591843408,7
663.4000591843408,7
663.4000591843408,7
663.4000591843408,7
663.4000591843408,7
663.4000591843408,7
663.4000591843408,7
663.4000591843408,7
663.4000591843408,7
663.4000591843408,7
663.4000591843408,7
663.4000591843408,7
663.4000591843408,7
663.4000591843408,7
663.4000591843408,7
663.4000591843408,7
663.4000591843408,7
663.4000591843408,7
663.4000591843408,7
663.4000591843408,7
663.4000591843408,7
663.4000591843408,7
663.4000591843408,7
663.4000591843408,7
663.4000591843408,7
663.4000591843408,7
663.4000591843408,7
663.4000591843408,7
663.4000591843408,7
663.4000591843408,7
663.4000591843408,7
661.3296177062342,7
661.3296177062342,7
661.3296177062342,7
661.3296177062342,7
661.3296177062342,7
661.3296177062342,7
661.3296177062342,7
661.3296177062342,7
661.3296177062342,7
661.3296177062342,7
661.3296177062342,7
661.3296177062342,7
661.3296177062342,7
661.3296177062342,7
661.3296177062342,7
661.3296177062342,7
661.3296177062342,7
661.3296177062342,7
661.3296177062342,7
661.3296177062342,7
661.3296177062342,7
661.3296177062342,7
661.3296177062342,7
661.3296177062342,7
661.3296177062342,7
661.3296177062342,7
661.3296177062342,7
661.3296177062342,7
661.3296177062342,7
661.3296177062342,7
661.3296177062342,7
661.3296177062342,7
661.3296177062342,7
661.3296177062342,7
661.3296177062342,7
661.3296177062342,7
661.3296177062342,7
661.3296177062342,7
661.3296177062342,7
661.3296177062342,7
661.3296177062342,7
661.3296177062342,7
661.3296177062342,7
661.3296177062342,7
661.3296177062342,7
661.3296177062342,7
661.3296177062342,7
661.3296177062342,7
661.3296177062342,7
661.3296177062342,7
661.3296177062342,7
661.3296177062342,7
661.3296177062342,7
661.3296177062342,7
661.3296177062342,7
661.3296177062342,7
661.3296177062342,7
661.3296177062342,7
661.3296177062342,7
661.3296177062342,7
661.3296177062342,7
661.3296177062342,7
661.3296177062342,7
661.3296177062342,7
661.3296177062342,7
661.3296177062342,7
661.3296177062342,7
661.3296177062342,7
661.3296177062342,7
661.3296177062342,7
661.3296177062342,7
661.3296177062342,7
661.3296177062342,7
661.3296177062342,7
661.3296177062342,7
661.3296177062342,7
661.3296177062342,7
661.3296177062342,7
661.3296177062342,7
661.3296177062342,7
661.3296177062342,7
661.3296177062342,7
661.3296177062342,7
661.3296177062342,7
661.3296177062342,7
661.3296177062342,7
661.3296177062342,7
661.3296177062342,7
661.3296177062342,7
661.3296177062342,7
661.3296177062342,7
661.3296177062342,7
661.3296177062342,7
661.3296177062342,7
661.3296177062342,7
661.3296177062342,7
661.3296177062342,7
661.3296177062342,7
661.3296177062342,7
661.3296177062342,7
661.3296177062342,7
661.3296177062342,7
661.3296177062342,7
661.3296177062342,7
661.3296177062342,7
661.3296177062342,7
661.3296177062342,7
661.3296177062342,7
661.3296177062342,7
661.3296177062342,7
661.3296177062342,7
661.3296177062342,7
661.3296177062342,7
661.3296177062342,7
661.3296177062342,7
661.3296177062342,7
661.3296177062342,7
661.3296177062342,7
661.3296177062342,7
661.3296177062342,7
661.3296177062342,7
661.3296177062342,7
661.3296177062342,7
661.3296177062342,7
661.3296177062342,7
661.3296177062342,7
661.3296177062342,7
661.3296177062342,7
661.3296177062342,7
661.3296177062342,7
661.3296177062342,7
661.3296177062342,7
661.3296177062342,7
661.3296177062342,7
661.3296177062342,7
661.3296177062342,7
661.3296177062342,7
661.3296177062342,7
661.3296177062342,7
661.3296177062342,7
661.3296177062342,7
661.3296177062342,7
661.3296177062342,7
661.3296177062342,7
661.3296177062342,7
