pop_size: 100
num_of_iterations: 1000
ratio_keep_best: 0
ratio_replace_worst: 0
ratio_generate_new: 0
{'fitness': 624.3634775800873, 'affinity': 0.0016016311586254334, 'distance': 624.3634775800873, 'vehicles': 7, 'path': [0, 11, 19, 10, 1, 0, 7, 8, 0, 5, 16, 17, 0, 18, 6, 0, 23, 22, 4, 0, 12, 9, 20, 0, 14, 15, 13, 0, 2, 21, 3, 24, 25, 0], 'pick_chance': 0.005782842558393034}
{'fitness': 637.526270306763, 'affinity': 0.0015685628131352502, 'distance':  637.526270306763,  'vehicles': 7, 'path': [0, 12, 9, 20, 0, 18, 0, 5, 7, 8, 17, 0, 11, 19, 10, 1, 0, 15, 13, 0, 23, 22, 4, 0, 14, 16, 6, 0, 2, 21, 3, 24, 25, 0], 'pick_chance': 0.005816844214915686}
{'fitness': 640.4189475055396, 'affinity': 0.0015614778480478205, 'distance': 640.4189475055396, 'vehicles': 7, 'path': [0, 18, 6, 0, 14, 15, 3, 24, 25, 0, 2, 21, 13, 0, 23, 22, 4, 0, 11, 19, 10, 1, 0, 7, 8, 0, 5, 16, 17, 0, 12, 9, 20, 0], 'pick_chance': 0.0061789068519076}
{'fitness': 654.6152406545918, 'affinity': 0.0015276149070407156, 'distance': 654.6152406545918, 'vehicles': 7, 'path': [0, 7, 8, 0, 18, 6, 13, 0, 5, 16, 17, 0, 11, 19, 10, 0, 12, 9, 3, 24, 0, 14, 15, 22, 4, 0, 2, 21, 20, 1, 0, 23, 25, 0], 'pick_chance': 0.005780298373531969}
{'fitness': 652.6977616800702, 'affinity': 0.0015321026954741807, 'distance': 652.6977616800702, 'vehicles': 7, 'path': [0, 2, 21, 3, 0, 5, 7, 8, 17, 0, 23, 24, 0, 15, 22, 4, 25, 0, 14, 16, 6, 13, 0, 12, 9, 20, 1, 0, 18, 0, 11, 19, 10, 0], 'pick_chance': 0.0057924476124401915}
{'fitness': 634.6058320594324, 'affinity': 0.0015757812952250769, 'distance': 634.6058320594324, 'vehicles': 7, 'path': [0, 11, 19, 10, 0, 5, 18, 0, 23, 22, 4, 0, 12, 9, 20, 1, 0, 2, 21, 3, 24, 25, 0, 7, 8, 17, 0, 14, 16, 6, 13, 0, 15, 0], 'pick_chance': 0.0057425560077372165}
{'fitness': 661.3296177062342, 'affinity': 0.0015121052697872738, 'distance': 661.3296177062342, 'vehicles': 7, 'path': [0, 7, 8, 17, 0, 12, 9, 3, 0, 5, 18, 20, 1, 0, 23, 22, 4, 25, 0, 14, 15, 13, 0, 11, 19, 10, 0, 2, 21, 24, 0, 16, 6, 0], 'pick_chance': 0.005712734855327175}
{'fitness': 641.7983619505792, 'affinity': 0.0015581217704588092, 'distance': 641.7983619505792, 'vehicles': 7, 'path': [0, 2, 21, 3, 24, 0, 11, 19, 10, 1, 0, 15, 22, 0, 23, 4, 25, 0, 14, 16, 6, 13, 0, 12, 9, 20, 0, 5, 18, 0, 7, 8, 17, 0], 'pick_chance': 0.0057289368406050175}
{'fitness': 642.7668346962089, 'affinity': 0.0015557741097090524, 'distance': 642.7668346962089, 'vehicles': 7, 'path': [0, 12, 9, 3, 24, 25, 0, 2, 21, 0, 23, 22, 4, 0, 14, 16, 6, 0, 5, 18, 20, 1, 0, 15, 13, 0, 7, 8, 17, 0, 11, 19, 10, 0], 'pick_chance': 0.005766679776346085}
{'fitness': 653.7623186789243, 'affinity': 0.0015296078887212829, 'distance': 653.7623186789243, 'vehicles': 7, 'path': [0, 23, 22, 4, 0, 7, 8, 0, 16, 17, 0, 11, 19, 10, 1, 0, 12, 9, 20, 0, 2, 21, 13, 0, 5, 18, 6, 0, 14, 15, 3, 24, 25, 0], 'pick_chance': 0.005722190306425974}
{'fitness': 634.7095562602474, 'affinity': 0.00157552378113238, 'distance':   634.7095562602474, 'vehicles': 7, 'path': [0, 14, 15, 22, 0, 23, 3, 24, 0, 7, 8, 17, 0, 11, 19, 10, 0, 2, 21, 4, 25, 0, 5, 16, 6, 13, 0, 12, 9, 20, 1, 0, 18, 0], 'pick_chance': 0.006203476875821021}
{'fitness': 645.3082873481394, 'affinity': 0.0015496469200937239, 'distance': 645.3082873481394, 'vehicles': 7, 'path': [0, 23, 22, 4, 25, 0, 14, 15, 6, 13, 0, 7, 8, 17, 0, 12, 9, 3, 24, 0, 18, 20, 1, 0, 2, 21, 0, 5, 16, 0, 11, 19, 10, 0], 'pick_chance': 0.00570368489533251}
{'fitness': 626.7004515351852, 'affinity': 0.0015956586556629543, 'distance': 626.7004515351852, 'vehicles': 7, 'path': [0, 18, 6, 0, 14, 15, 0, 5, 16, 13, 0, 23, 22, 4, 0, 12, 9, 20, 1, 0, 11, 19, 10, 0, 7, 8, 17, 0, 2, 21, 3, 24, 25, 0], 'pick_chance': 0.005740279947088861}
{'fitness': 635.3976991488261, 'affinity': 0.001573817471072987, 'distance':  635.3976991488261, 'vehicles': 7, 'path': [0, 2, 21, 3, 24, 0, 7, 8, 0, 18, 6, 0, 23, 22, 13, 0, 12, 9, 20, 1, 0, 5, 16, 17, 0, 11, 19, 10, 0, 14, 15, 4, 25, 0], 'pick_chance': 0.005587588786830596}
{'fitness': 658.246421439461, 'affinity': 0.0015191879020218422, 'distance':  658.246421439461,  'vehicles': 7, 'path': [0, 23, 22, 4, 25, 0, 14, 15, 20, 0, 7, 8, 17, 0, 5, 16, 13, 0, 2, 21, 0, 18, 6, 0, 12, 9, 3, 24, 0, 11, 19, 10, 1, 0], 'pick_chance': 0.005904096223331481}
{'fitness': 624.3634775800873, 'affinity': 0.0016016311586254334, 'distance': 624.3634775800873, 'vehicles': 7, 'path': [0, 5, 16, 17, 0, 14, 15, 13, 0, 18, 6, 0, 23, 22, 4, 0, 12, 9, 20, 0, 7, 8, 0, 2, 21, 3, 24, 25, 0, 11, 19, 10, 1, 0], 'pick_chance': 0.006075327629863374}
{'fitness': 656.4430576269717, 'affinity': 0.0015233613767125203, 'distance': 656.4430576269717, 'vehicles': 8, 'path': [0, 18, 6, 13, 0, 9, 20, 0, 12, 3, 24, 0, 2, 21, 25, 0, 7, 8, 0, 5, 16, 17, 0, 23, 22, 4, 0, 11, 19, 10, 1, 0, 14, 15, 0], 'pick_chance': 0.005919728588993347}
{'fitness': 646.7387986975499, 'affinity': 0.0015462192805099576, 'distance': 646.7387986975499, 'vehicles': 7, 'path': [0, 11, 19, 10, 1, 0, 23, 22, 4, 25, 0, 7, 8, 0, 18, 20, 0, 2, 21, 13, 0, 12, 9, 3, 24, 0, 14, 15, 6, 0, 5, 16, 17, 0], 'pick_chance': 0.006034187961829371}
{'fitness': 649.1499789861201, 'affinity': 0.001540476056953522, 'distance':  649.1499789861201, 'vehicles': 7, 'path': [0, 12, 9, 20, 0, 15, 22, 4, 25, 0, 14, 16, 6, 13, 0, 5, 7, 8, 17, 0, 2, 21, 0, 23, 3, 24, 0, 11, 19, 10, 1, 0, 18, 0], 'pick_chance': 0.005778195820618624}
{'fitness': 635.2146121260644, 'affinity': 0.0015742710902902537, 'distance': 635.2146121260644, 'vehicles': 7, 'path': [0, 18, 10, 0, 14, 15, 13, 0, 2, 21, 0, 23, 22, 4, 25, 0, 5, 16, 6, 0, 12, 9, 3, 24, 0, 11, 19, 20, 1, 0, 7, 8, 17, 0], 'pick_chance': 0.0057656726620776795}
