1246.1601802480777,24
1197.5036794364487,22
1197.5036794364487,22
1197.5036794364487,22
1197.151888813863,22
1203.3526931517856,21
1203.3526931517856,21
1203.3526931517856,21
1203.3526931517856,21
1160.6184592806653,20
1160.6184592806653,20
1160.6184592806653,20
1153.0787414666831,20
1182.2395420755395,19
1182.2395420755395,19
1182.2395420755395,19
1105.222964123721,19
1105.222964123721,19
1143.5944281900963,18
1143.5944281900963,18
1143.5944281900963,18
1143.5944281900963,18
1120.9482335906969,18
1120.9482335906969,18
1120.9482335906969,18
1095.777938997109,17
1095.777938997109,17
1095.777938997109,17
1095.777938997109,17
1095.777938997109,17
1095.777938997109,17
1095.777938997109,17
1074.3594914750809,17
1074.3594914750809,17
1074.3594914750809,17
1059.6381319250852,16
1032.1876549985955,16
1032.1876549985955,16
1032.1876549985955,16
1032.1876549985955,16
1032.1876549985955,16
1029.0350714884166,16
1029.0350714884166,16
991.6432694612876,15
991.6432694612876,15
991.6432694612876,15
991.6432694612873,15
991.6432694612873,15
991.6432694612873,15
991.6432694612873,15
974.7503089737123,14
974.7503089737123,14
947.7233480788428,14
930.8303875912676,13
930.8303875912676,13
930.8303875912676,13
930.8303875912676,13
930.8303875912676,13
930.8303875912676,13
904.4516789549623,13
904.4516789549623,13
904.4516789549623,13
904.4516789549623,13
904.4516789549623,13
888.2258516688703,13
888.2258516688703,13
888.2258516688703,13
888.2258516688703,13
888.2258516688703,13
888.2258516688703,13
882.2941477380491,13
882.2941477380491,13
882.2941477380491,13
882.2941477380491,13
882.2941477380491,13
882.2941477380491,13
882.2941477380491,13
882.2941477380491,13
862.8240365341157,12
862.8240365341157,12
862.8240365341157,12
862.8240365341157,12
862.8240365341157,12
862.8240365341157,12
862.8240365341157,12
856.8923326032943,12
856.8923326032943,12
856.8923326032943,12
856.8923326032943,12
856.8923326032943,12
856.8923326032943,12
856.8923326032943,12
849.0186874817243,12
849.0186874817243,12
849.0186874817243,12
849.0186874817243,12
849.0186874817243,12
849.0186874817243,12
849.0186874817243,12
849.0186874817243,12
849.0186874817243,12
849.0186874817243,12
849.0186874817243,12
849.0186874817243,12
849.0186874817243,12
849.0186874817243,12
849.0186874817243,12
849.0186874817243,12
849.0186874817243,12
846.3417169738484,12
846.3417169738484,12
846.3417169738484,12
938.9452772479945,11
938.9452772479945,11
938.9452772479945,11
937.7200444257312,11
828.1279595573578,12
828.1279595573578,12
828.1279595573578,12
828.1279595573578,12
828.1279595573578,12
828.1279595573578,12
828.1279595573578,12
828.1279595573578,12
825.4509890494817,12
825.4509890494817,12
825.4509890494817,12
879.8402779316432,11
879.8402779316432,11
879.8402779316432,11
879.8402779316432,11
879.8402779316432,11
879.8402779316432,11
879.8402779316432,11
879.8402779316432,11
879.8402779316432,11
879.8402779316432,11
879.8402779316432,11
878.6150451093799,11
873.3111147062627,11
822.9056718905533,11
822.9056718905533,11
822.9056718905533,11
822.9056718905533,11
822.5373919951082,11
822.5373919951082,11
822.5373919951082,11
822.5373919951082,11
822.5373919951082,11
822.5373919951082,11
822.5373919951082,11
822.5373919951082,11
822.5373919951082,11
822.5373919951082,11
822.5373919951082,11
822.5373919951082,11
822.5373919951082,11
822.5373919951082,11
822.5373919951082,11
822.5373919951082,11
822.5373919951082,11
822.5373919951082,11
822.5373919951082,11
822.5373919951082,11
816.691177356598,11
816.691177356598,11
805.7637209188019,11
805.7637209188019,11
805.7637209188019,11
805.7637209188019,11
805.7637209188017,11
805.7637209188017,11
805.7637209188017,11
805.7637209188017,11
805.7637209188017,11
805.7637209188017,11
805.7637209188017,11
805.7637209188017,11
805.7637209188017,11
805.7637209188017,11
805.7637209188017,11
805.7637209188017,11
805.7637209188017,11
805.7637209188017,11
805.7637209188017,11
805.7637209188017,11
805.7637209188017,11
805.7637209188017,11
805.7637209188017,11
805.7637209188017,11
805.7637209188017,11
805.7637209188017,11
805.7637209188017,11
805.7637209188017,11
805.7637209188017,11
805.7637209188017,11
805.7637209188017,11
805.7637209188017,11
805.7637209188017,11
805.7637209188017,11
803.0867504109258,11
795.498014005781,11
795.498014005781,11
795.498014005781,11
795.498014005781,11
795.498014005781,11
795.498014005781,11
795.498014005781,11
795.498014005781,11
795.498014005781,11
792.8210434979051,11
792.8210434979051,11
792.8210434979051,11
792.8210434979051,11
792.8210434979051,11
792.8210434979051,11
792.8210434979051,11
792.8210434979051,11
792.8210434979051,11
792.8210434979051,11
792.8210434979051,11
792.8210434979051,11
792.8210434979051,11
792.8210434979051,11
792.8210434979051,11
792.8210434979051,11
792.8210434979051,11
792.8210434979051,11
792.8210434979051,11
792.8210434979051,11
792.8210434979051,11
792.8210434979051,11
792.8210434979051,11
792.8210434979051,11
792.8210434979051,11
792.8210434979051,11
792.8210434979051,11
792.8210434979051,11
792.8210434979051,11
789.9847507206039,11
789.9847507206039,11
789.9847507206039,11
789.9847507206039,11
789.9847507206039,11
789.9847507206039,11
789.9847507206039,11
789.9847507206039,11
789.9847507206039,11
789.9847507206039,11
789.9847507206039,11
789.9847507206039,11
789.9847507206039,11
789.9847507206039,11
789.9847507206039,11
789.9847507206039,11
789.9847507206039,11
789.9847507206039,11
789.9847507206039,11
789.9847507206039,11
789.9847507206039,11
789.9847507206039,11
789.9847507206039,11
789.9847507206039,11
789.9847507206039,11
789.9847507206039,11
789.9847507206039,11
789.9847507206039,11
789.9847507206039,11
789.9847507206039,11
789.9847507206039,11
789.9847507206039,11
789.9847507206039,11
789.9847507206039,11
789.9847507206039,11
789.9847507206039,11
789.9847507206039,11
789.9847507206039,11
789.9847507206039,11
789.9847507206039,11
789.9847507206039,11
789.9847507206039,11
789.9847507206039,11
789.9847507206039,11
789.9847507206039,11
783.1373342307829,11
783.1373342307829,11
783.1373342307829,11
783.1373342307829,11
783.1373342307829,11
783.1373342307829,11
783.1373342307829,11
783.1373342307829,11
783.1373342307829,11
783.1373342307829,11
783.1373342307829,11
783.1373342307829,11
783.1373342307829,11
783.1373342307829,11
783.1373342307829,11
783.1373342307829,11
783.1373342307829,11
783.1373342307829,11
783.1373342307829,11
783.1373342307829,11
783.1373342307829,11
783.1373342307829,11
783.1373342307829,11
783.1373342307829,11
783.1373342307829,11
783.1373342307829,11
783.1373342307829,11
783.1373342307829,11
783.1373342307829,11
783.1373342307829,11
783.1373342307829,11
783.1373342307829,11
783.1373342307829,11
783.1373342307829,11
783.1373342307829,11
783.1373342307829,11
783.1373342307829,11
783.1373342307829,11
783.1373342307829,11
783.1373342307829,11
783.1373342307829,11
783.1373342307829,11
783.1373342307829,11
783.1373342307829,11
783.1373342307829,11
783.1373342307829,11
783.1373342307829,11
783.1373342307829,11
783.1373342307829,11
783.1373342307829,11
783.1373342307829,11
783.1373342307829,11
783.1373342307829,11
783.1373342307829,11
783.1373342307829,11
783.1373342307829,11
783.1373342307829,11
774.0736061529035,11
774.0736061529035,11
774.0736061529035,11
774.0736061529035,11
774.0736061529035,11
774.0736061529035,11
774.0736061529035,11
774.0736061529035,11
774.0736061529035,11
774.0736061529035,11
774.0736061529035,11
774.0736061529035,11
774.0736061529035,11
774.0736061529035,11
774.0736061529035,11
774.0736061529035,11
774.0736061529035,11
774.0736061529035,11
774.0736061529035,11
774.0736061529035,11
774.0736061529035,11
774.0736061529035,11
774.0736061529035,11
774.0736061529035,11
774.0736061529035,11
774.0736061529035,11
774.0736061529035,11
774.0736061529035,11
774.0736061529035,11
774.0736061529035,11
774.0736061529035,11
774.0736061529035,11
774.0736061529035,11
774.0736061529035,11
774.0736061529035,11
774.0736061529035,11
774.0736061529035,11
774.0736061529035,11
774.0736061529035,11
774.0736061529035,11
774.0736061529035,11
774.0736061529035,11
774.0736061529035,11
774.0736061529035,11
774.0736061529035,11
774.0736061529035,11
774.0736061529035,11
774.0736061529035,11
774.0736061529035,11
774.0736061529035,11
774.0736061529035,11
774.0736061529035,11
774.0736061529035,11
774.0736061529035,11
774.0736061529035,11
774.0736061529035,11
774.0736061529035,11
774.0736061529035,11
774.0736061529035,11
774.0736061529035,11
774.0736061529035,11
774.0736061529035,11
774.0736061529035,11
774.0736061529035,11
774.0736061529035,11
774.0736061529035,11
774.0736061529035,11
774.0736061529035,11
774.0736061529035,11
774.0736061529035,11
774.0736061529035,11
774.0736061529035,11
774.0736061529035,11
774.0736061529035,11
774.0736061529035,11
774.0736061529035,11
774.0736061529035,11
774.0736061529035,11
774.0736061529035,11
774.0736061529035,11
774.0736061529035,11
774.0736061529035,11
774.0736061529035,11
774.0736061529035,11
774.0736061529035,11
774.0736061529035,11
774.0736061529035,11
774.0736061529035,11
774.0736061529035,11
774.0736061529035,11
774.0736061529035,11
774.0736061529035,11
774.0736061529035,11
774.0736061529035,11
774.0736061529035,11
774.0736061529035,11
774.0736061529035,11
774.0736061529035,11
774.0736061529035,11
774.0736061529035,11
774.0736061529035,11
774.0736061529035,11
774.0736061529035,11
774.0736061529035,11
774.0736061529035,11
774.0736061529035,11
774.0736061529035,11
774.0736061529035,11
774.0736061529035,11
774.0736061529035,11
774.0736061529035,11
774.0736061529035,11
774.0736061529035,11
774.0736061529035,11
774.0736061529035,11
774.0736061529035,11
774.0736061529035,11
774.0736061529035,11
774.0736061529035,11
774.0736061529035,11
774.0736061529035,11
774.0736061529035,11
774.0736061529035,11
774.0736061529035,11
774.0736061529035,11
774.0736061529035,11
774.0736061529035,11
774.0736061529035,11
774.0736061529035,11
774.0736061529035,11
774.0736061529035,11
774.0736061529035,11
774.0736061529035,11
774.0736061529035,11
774.0736061529035,11
774.0736061529035,11
774.0736061529035,11
774.0736061529035,11
774.0736061529035,11
774.0736061529035,11
774.0736061529035,11
774.0736061529035,11
774.0736061529035,11
774.0736061529035,11
774.0736061529035,11
774.0736061529035,11
774.0736061529035,11
774.0736061529035,11
774.0736061529035,11
774.0736061529035,11
774.0736061529035,11
774.0736061529035,11
774.0736061529035,11
774.0736061529035,11
774.0736061529035,11
774.0736061529035,11
774.0736061529035,11
774.0736061529035,11
774.0736061529035,11
