1246.1601802480777,24
1222.983786117666,22
1222.983786117666,22
1222.983786117666,22
1199.1445590609137,22
1199.1445590609137,22
1181.613584692328,22
1214.5043097368664,21
1193.2467654548586,20
1193.2467654548586,20
1193.2467654548586,20
1193.2467654548586,20
1165.9189492279581,19
1165.9189492279581,19
1165.9189492279581,19
1165.9189492279581,19
1165.9189492279581,19
1132.1222883863213,18
1132.1222883863213,18
1132.1222883863213,18
1132.1222883863213,18
1132.1222883863213,18
1132.1222883863213,18
1132.1222883863213,18
1109.5957361345427,18
1063.9100903095177,16
1063.9100903095177,16
1063.9100903095177,16
1063.9100903095177,16
1056.8390224976522,16
1059.259557330514,15
1059.259557330514,15
1059.259557330514,15
1059.259557330514,15
1059.259557330514,15
1059.259557330514,15
1032.341314269701,15
1032.341314269701,15
1032.341314269701,15
1020.6696096156984,14
1020.6696096156984,14
1020.6696096156984,14
1020.6696096156984,14
1020.6696096156984,14
1020.6696096156984,14
1005.473667064354,14
1005.473667064354,14
1012.0731433285004,13
1003.537331931982,13
1003.537331931982,13
1003.537331931982,13
1003.537331931982,13
978.9035077174769,13
978.9035077174769,13
981.9431793929921,12
981.9431793929921,12
953.6243649897053,12
936.6087438025411,12
936.6087438025411,12
903.6727944548236,11
903.6727944548236,11
903.6727944548236,11
903.6727944548236,11
903.6727944548236,11
903.6727944548236,11
903.6727944548236,11
903.6727944548236,11
903.6727944548236,11
896.2445015906289,11
870.2873297490033,11
870.2873297490033,11
870.2873297490033,11
856.8027112756797,11
856.8027112756797,11
856.8027112756797,11
856.8027112756797,11
856.8027112756797,11
856.8027112756797,11
856.8027112756797,11
851.1487129085814,11
851.1487129085814,11
851.1487129085814,11
851.1487129085814,11
851.1487129085814,11
848.1164450283817,11
848.1164450283817,11
848.1164450283817,11
848.1164450283817,11
848.1164450283817,11
848.1164450283817,11
848.1164450283817,11
848.1164450283817,11
848.1164450283817,11
848.1164450283817,11
848.1164450283817,11
848.1164450283817,11
848.1164450283817,11
848.1164450283817,11
848.1164450283817,11
848.1164450283817,11
848.1164450283817,11
848.1164450283817,11
848.1164450283817,11
848.1164450283817,11
848.1164450283817,11
814.5678443910255,11
814.5678443910255,11
814.5678443910255,11
814.5678443910255,11
814.5678443910255,11
814.5678443910255,11
814.5678443910255,11
814.5678443910255,11
814.5678443910255,11
814.5678443910255,11
814.5678443910255,11
814.5678443910255,11
814.5678443910255,11
814.5678443910255,11
814.5678443910255,11
814.5678443910255,11
814.5678443910255,11
814.5678443910255,11
794.733340680045,11
794.733340680045,11
794.733340680045,11
794.733340680045,11
794.733340680045,11
794.733340680045,11
764.3714403691039,10
764.3714403691039,10
764.3714403691039,10
764.3714403691039,10
764.3714403691039,10
764.3714403691039,10
764.3714403691039,10
764.3714403691039,10
764.3714403691039,10
746.5156630261421,10
746.5156630261421,10
746.5156630261421,10
746.5156630261421,10
746.5156630261421,10
746.5156630261421,10
746.5156630261421,10
746.5156630261421,10
742.6960029136411,10
742.6960029136411,10
729.6507645616084,9
729.6507645616084,9
729.6507645616084,9
729.6507645616084,9
729.6507645616084,9
729.6507645616084,9
729.6507645616084,9
729.6507645616084,9
729.6507645616084,9
729.6507645616084,9
729.6507645616084,9
725.8311044491072,9
725.8311044491072,9
724.9951394069419,9
724.9951394069419,9
724.9951394069419,9
724.9951394069419,9
724.9951394069419,9
724.9951394069419,9
724.9951394069419,9
724.9951394069419,9
724.9951394069418,9
724.9951394069418,9
724.9951394069418,9
724.9951394069418,9
724.9951394069418,9
724.9951394069418,9
724.9951394069418,9
724.9951394069418,9
724.9951394069418,9
724.9951394069418,9
724.9951394069418,9
724.9951394069418,9
721.1754792944406,9
721.1754792944406,9
721.1754792944406,9
721.1754792944406,9
721.1754792944406,9
721.1754792944406,9
721.1754792944406,9
721.1754792944406,9
721.1754792944406,9
721.1754792944406,9
721.1754792944406,9
721.1754792944406,9
721.1754792944406,9
721.1754792944406,9
721.1754792944406,9
721.1754792944406,9
721.1754792944406,9
721.1754792944406,9
721.1754792944406,9
721.1754792944406,9
721.1754792944406,9
721.1754792944406,9
721.1754792944406,9
721.1754792944406,9
721.1754792944406,9
721.1754792944406,9
721.1754792944406,9
721.1754792944406,9
721.1754792944406,9
721.1754792944406,9
721.1754792944406,9
721.1754792944406,9
721.1754792944406,9
721.1754792944406,9
721.1754792944406,9
721.1754792944406,9
721.1754792944406,9
721.1754792944406,9
721.1754792944406,9
721.1754792944406,9
721.1754792944406,9
721.1754792944406,9
721.1754792944406,9
721.1754792944406,9
721.1754792944406,9
721.1754792944406,9
721.1754792944406,9
721.1754792944406,9
721.1754792944406,9
721.1754792944406,9
721.1754792944406,9
721.1754792944406,9
721.1754792944406,9
721.1754792944406,9
721.1754792944406,9
721.1754792944406,9
721.1754792944406,9
721.1754792944406,9
721.1754792944406,9
721.1754792944406,9
721.1754792944406,9
721.1754792944406,9
721.1754792944406,9
721.1754792944406,9
721.1754792944406,9
721.1754792944406,9
721.1754792944406,9
721.1754792944406,9
721.1754792944406,9
721.1754792944406,9
721.1754792944406,9
721.1754792944406,9
721.1754792944406,9
721.1754792944406,9
721.1754792944406,9
721.1754792944406,9
721.1754792944406,9
721.1754792944406,9
721.1754792944406,9
721.1754792944406,9
721.1754792944406,9
721.1754792944406,9
721.1754792944406,9
721.1754792944406,9
721.1754792944406,9
721.1754792944406,9
721.1754792944406,9
721.1754792944406,9
721.1754792944406,9
721.1754792944406,9
721.1754792944406,9
721.1754792944406,9
721.1754792944406,9
721.1754792944406,9
721.1754792944406,9
721.1754792944406,9
721.1754792944406,9
721.1754792944406,9
721.1754792944406,9
721.1754792944406,9
721.1754792944406,9
721.1754792944406,9
721.1754792944406,9
721.1754792944406,9
721.1754792944406,9
721.1754792944406,9
721.1754792944406,9
721.1754792944406,9
721.1754792944406,9
721.1754792944406,9
721.1754792944406,9
721.1754792944406,9
721.1754792944406,9
721.1754792944406,9
721.1754792944406,9
721.1754792944406,9
721.1754792944406,9
721.1754792944406,9
721.1754792944406,9
721.1754792944406,9
721.1754792944406,9
721.1754792944406,9
721.1754792944406,9
721.1754792944406,9
721.1754792944406,9
721.1754792944406,9
721.1754792944406,9
721.1754792944406,9
721.1754792944406,9
721.1754792944406,9
721.1754792944406,9
721.1754792944406,9
721.1754792944406,9
721.1754792944406,9
721.1754792944406,9
721.1754792944406,9
721.1754792944406,9
721.1754792944406,9
721.1754792944406,9
721.1754792944406,9
721.1754792944406,9
721.1754792944406,9
721.1754792944406,9
721.1754792944406,9
721.1754792944406,9
721.1754792944406,9
721.1754792944406,9
721.1754792944406,9
721.1754792944406,9
721.1754792944406,9
721.1754792944406,9
721.1754792944406,9
721.1754792944406,9
721.1754792944406,9
721.1754792944406,9
721.1754792944406,9
721.1754792944406,9
721.1754792944406,9
721.1754792944406,9
721.1754792944406,9
721.1754792944406,9
721.1754792944406,9
721.1754792944406,9
721.1754792944406,9
721.1754792944406,9
721.1754792944406,9
721.1754792944406,9
721.1754792944406,9
721.1754792944406,9
721.1754792944406,9
721.1754792944406,9
721.1754792944406,9
721.1754792944406,9
721.1754792944406,9
721.1754792944406,9
721.1754792944406,9
721.1754792944406,9
721.1754792944406,9
721.1754792944406,9
721.1754792944406,9
721.1754792944406,9
721.1754792944406,9
721.1754792944406,9
721.1754792944406,9
721.1754792944406,9
721.1754792944406,9
721.1754792944406,9
721.1754792944406,9
721.1754792944406,9
721.1754792944406,9
721.1754792944406,9
721.1754792944406,9
721.1754792944406,9
721.1754792944406,9
721.1754792944406,9
721.1754792944406,9
721.1754792944406,9
721.1754792944406,9
721.1754792944406,9
721.1754792944406,9
721.1754792944406,9
721.1754792944406,9
721.1754792944406,9
721.1754792944406,9
721.1754792944406,9
721.1754792944406,9
721.1754792944406,9
721.1754792944406,9
721.1754792944406,9
721.1754792944406,9
721.1754792944406,9
721.1754792944406,9
721.1754792944406,9
721.1754792944406,9
721.1754792944406,9
721.1754792944406,9
721.1754792944406,9
721.1754792944406,9
721.1754792944406,9
721.1754792944406,9
721.1754792944406,9
721.1754792944406,9
721.1754792944406,9
721.1754792944406,9
721.1754792944406,9
721.1754792944406,9
721.1754792944406,9
721.1754792944406,9
721.1754792944406,9
721.1754792944406,9
721.1754792944406,9
721.1754792944406,9
721.1754792944406,9
721.1754792944406,9
721.1754792944406,9
721.1754792944406,9
721.1754792944406,9
721.1754792944406,9
721.1754792944406,9
721.1754792944406,9
721.1754792944406,9
721.1754792944406,9
721.1754792944406,9
721.1754792944406,9
721.1754792944406,9
721.1754792944406,9
721.1754792944406,9
721.1754792944406,9
721.1754792944406,9
721.1754792944406,9
721.1754792944406,9
721.1754792944406,9
721.1754792944406,9
721.1754792944406,9
721.1754792944406,9
721.1754792944406,9
721.1754792944406,9
721.1754792944406,9
721.1754792944406,9
721.1754792944406,9
721.1754792944406,9
721.1754792944406,9
721.1754792944406,9
721.1754792944406,9
721.1754792944406,9
721.1754792944406,9
738.8307286343111,8
738.8307286343111,8
738.8307286343111,8
738.8307286343111,8
738.8307286343111,8
738.8307286343111,8
738.8307286343111,8
738.8307286343111,8
738.8307286343111,8
738.8307286343111,8
738.8307286343111,8
738.8307286343111,8
738.8307286343111,8
738.8307286343111,8
738.8307286343111,8
738.8307286343111,8
738.8307286343111,8
738.8307286343111,8
738.8307286343111,8
738.8307286343111,8
738.8307286343111,8
738.8307286343111,8
738.8307286343111,8
738.8307286343111,8
736.6608365225188,8
736.6608365225188,8
736.6608365225188,8
736.6608365225188,8
736.6608365225188,8
736.6608365225188,8
736.6608365225188,8
736.6608365225188,8
724.2492762797972,8
724.2492762797972,8
724.2492762797972,8
724.2492762797972,8
724.2492762797972,8
724.2492762797972,8
724.2492762797972,8
724.2492762797972,8
724.2492762797972,8
724.2492762797972,8
724.2492762797972,8
724.2492762797972,8
724.2492762797972,8
724.2492762797972,8
724.2492762797972,8
724.2492762797972,8
724.2492762797972,8
724.2492762797972,8
724.2492762797972,8
724.2492762797972,8
724.2492762797972,8
