1246.1601802480775,24
1197.6191605855813,23
1208.5921104224267,21
1183.559677300274,21
1183.559677300274,21
1183.559677300274,21
1146.317035587746,21
1146.317035587746,21
1146.317035587746,21
1146.317035587746,21
1146.317035587746,21
1146.317035587746,21
1146.317035587746,21
1146.317035587746,21
1146.317035587746,21
1110.693298375625,20
1098.4612582447842,20
1098.4612582447842,20
1098.4612582447842,20
1098.4612582447842,20
1142.282706021944,19
1142.282706021944,19
1142.282706021944,19
1089.8246481205952,18
1089.8246481205952,18
1089.8246481205952,18
1089.8246481205952,18
1086.8394862372581,18
1086.8394862372581,18
1086.8394862372581,18
1086.8394862372581,18
1086.8394862372581,18
1086.8394862372581,18
1086.8394862372581,18
1086.8394862372581,18
1086.8394862372581,18
1086.8394862372581,18
1086.8394862372581,18
1086.8394862372581,18
1083.0604477041875,17
1083.0604477041875,17
1067.7857704670203,17
1067.7857704670203,17
1041.5321993178657,16
1041.5321993178657,16
1041.5321993178657,16
1041.5321993178657,16
1010.0557805342603,16
1010.0557805342603,16
1010.0557805342603,16
1010.0557805342603,16
1010.0557805342603,16
1010.0557805342603,16
1010.0557805342603,16
1010.0557805342603,16
991.2074406881595,16
991.2074406881595,16
991.2074406881595,16
991.2074406881595,16
991.2074406881595,16
994.8355490792858,15
994.8355490792858,15
994.8355490792858,15
994.8355490792858,15
994.8355490792858,15
994.8355490792858,15
988.0730228951936,15
981.9180131980179,14
981.9180131980179,14
981.9180131980179,14
981.9180131980179,14
981.9180131980179,14
981.9180131980179,14
981.9180131980179,14
981.9180131980179,14
975.9863092671967,14
975.9863092671967,14
975.9863092671967,14
975.9863092671967,14
975.9863092671967,14
975.9863092671967,14
975.9863092671967,14
975.9863092671967,14
975.9863092671967,14
975.9863092671967,14
975.9863092671967,14
975.9863092671967,14
973.0335305876217,13
973.0335305876217,13
973.0335305876217,13
973.0335305876217,13
973.0335305876217,13
973.0335305876217,13
973.0335305876217,13
973.0335305876217,13
951.0761064186885,13
931.7550080483496,13
931.7550080483496,13
931.7550080483496,13
941.4647545478049,12
941.4647545478049,12
941.4647545478049,12
914.0556329164389,12
914.0556329164389,12
914.0556329164389,12
914.0556329164389,12
914.0556329164389,12
914.0556329164389,12
914.0556329164389,12
894.8431282184573,12
894.8431282184573,12
894.8431282184573,12
894.8431282184573,12
894.8431282184573,12
874.6793319542767,12
874.6793319542767,12
874.6793319542767,12
874.6793319542767,12
874.6793319542767,12
874.6793319542767,12
874.6793319542767,12
858.0326623537694,12
858.0326623537694,12
858.0326623537694,12
858.0326623537694,12
858.0326623537694,12
833.1120019772941,12
833.1120019772941,12
833.1120019772941,12
833.1120019772941,12
826.1397583546141,12
826.1397583546141,12
826.1397583546141,12
826.1397583546141,12
826.1397583546141,12
813.4162413638898,12
813.4162413638898,12
813.4162413638898,12
813.4162413638898,12
813.4162413638898,12
813.4162413638898,12
813.4162413638898,12
813.4162413638898,12
813.4162413638898,12
813.4162413638898,12
813.4162413638898,12
813.4162413638898,12
813.4162413638898,12
813.4162413638898,12
813.4162413638898,12
813.4162413638898,12
813.4162413638898,12
835.8416333389492,11
835.8416333389492,11
835.8416333389492,11
835.8416333389492,11
835.8416333389492,11
835.8416333389492,11
835.8416333389492,11
835.8416333389492,11
806.9316620897953,11
806.9316620897953,11
806.9316620897953,11
806.9316620897953,11
806.9316620897953,11
806.9316620897953,11
806.9316620897953,11
806.9316620897953,11
806.9316620897953,11
806.9316620897953,11
806.9316620897953,11
799.959418467115,11
799.959418467115,11
799.959418467115,11
789.9594184671153,11
789.9594184671153,11
789.9594184671153,11
789.9594184671153,11
789.9594184671153,11
789.9594184671153,11
789.9594184671153,11
789.9594184671153,11
789.9594184671153,11
789.9594184671153,11
789.9594184671153,11
789.9594184671153,11
789.9594184671153,11
789.9594184671153,11
789.9594184671153,11
789.9594184671153,11
770.2636578537108,11
770.2636578537108,11
770.2636578537108,11
770.2636578537108,11
770.2636578537108,11
770.2636578537108,11
770.2636578537108,11
770.2636578537108,11
770.2636578537108,11
770.2636578537108,11
770.2636578537108,11
770.2636578537108,11
770.2636578537108,11
770.2636578537108,11
759.3482324050991,11
759.3482324050991,11
759.3482324050991,11
759.3482324050991,11
759.3482324050991,11
726.6468544646325,10
723.6145865844328,10
723.6145865844328,10
723.6145865844328,10
723.6145865844328,10
723.6145865844328,10
723.6145865844328,10
723.6145865844328,10
723.6145865844328,10
723.6145865844328,10
723.6145865844328,10
717.1231434037488,10
717.1231434037488,10
717.1231434037488,10
717.1231434037488,10
717.1231434037488,10
717.1231434037488,10
717.1231434037488,10
717.1231434037488,10
717.1231434037488,10
717.1231434037488,10
717.1231434037488,10
714.0908755235491,10
706.207717955137,10
706.207717955137,10
706.207717955137,10
706.207717955137,10
706.207717955137,10
706.207717955137,10
706.207717955137,10
706.207717955137,10
706.207717955137,10
706.207717955137,10
704.5849413534534,10
704.5849413534534,10
704.5849413534534,10
704.5849413534534,10
704.5849413534534,10
704.5849413534534,10
704.5849413534534,10
704.5849413534534,10
704.5849413534534,10
704.5849413534534,10
704.5849413534534,10
704.5849413534534,10
704.5849413534534,10
704.5849413534534,10
704.5849413534534,10
704.5849413534534,10
704.5849413534534,10
704.5849413534534,10
704.5849413534534,10
704.5849413534534,10
704.5849413534534,10
704.5849413534534,10
704.5849413534534,10
704.5849413534534,10
704.5849413534534,10
704.5849413534534,10
704.5849413534534,10
704.5849413534534,10
704.5849413534534,10
704.5849413534534,10
704.5849413534534,10
704.5849413534534,10
704.5849413534534,10
704.5849413534534,10
704.5849413534534,10
704.5849413534534,10
700.5515682476184,10
700.5515682476184,10
700.5515682476184,10
700.5515682476184,10
707.0039176641415,9
707.0039176641415,9
707.0039176641415,9
707.0039176641415,9
707.0039176641415,9
707.0039176641415,9
700.4334326877963,9
700.4334326877963,9
700.4334326877963,9
700.4334326877963,9
700.4334326877963,9
700.4334326877963,9
700.4334326877963,9
700.4334326877963,9
700.4334326877963,9
700.4334326877963,9
691.2584335159679,9
691.2584335159679,9
691.2584335159679,9
691.2584335159679,9
691.2584335159679,9
691.2584335159679,9
691.2584335159679,9
691.2584335159679,9
691.2584335159679,9
691.2584335159679,9
691.2584335159679,9
691.2584335159679,9
691.2584335159679,9
691.2584335159679,9
691.2584335159679,9
690.9707668457838,9
690.9707668457838,9
690.9707668457838,9
690.9707668457838,9
690.9707668457838,9
690.9707668457838,9
690.9707668457838,9
690.9707668457838,9
690.9707668457838,9
690.9707668457838,9
690.9707668457838,9
690.9707668457838,9
690.9707668457838,9
690.9707668457838,9
690.9707668457838,9
690.9707668457838,9
690.9707668457838,9
690.9707668457838,9
690.9707668457838,9
690.9707668457838,9
690.9707668457838,9
690.9707668457838,9
690.9707668457838,9
690.9707668457838,9
690.9707668457838,9
690.9707668457838,9
690.9707668457838,9
690.9707668457838,9
690.9707668457838,9
690.9707668457838,9
690.9707668457838,9
690.9707668457838,9
690.9707668457838,9
690.9707668457838,9
690.9707668457838,9
690.9707668457838,9
690.9707668457838,9
690.9707668457838,9
690.9707668457838,9
690.9707668457838,9
690.9707668457838,9
690.9707668457838,9
690.9707668457838,9
690.9707668457838,9
690.9707668457838,9
690.9707668457838,9
690.9707668457838,9
690.9707668457838,9
690.9707668457838,9
690.9707668457838,9
690.9707668457838,9
690.9707668457838,9
690.9707668457838,9
690.9707668457838,9
690.9707668457838,9
690.9707668457838,9
690.9707668457838,9
690.9707668457838,9
690.9707668457838,9
690.9707668457838,9
690.9707668457838,9
690.9707668457838,9
690.9707668457838,9
690.9707668457838,9
690.9707668457838,9
690.9707668457838,9
690.9707668457838,9
690.9707668457838,9
690.9707668457838,9
690.9707668457838,9
690.9707668457838,9
690.9707668457838,9
690.9707668457838,9
690.9707668457838,9
690.9707668457838,9
690.9707668457838,9
690.9707668457838,9
690.9707668457838,9
690.9707668457838,9
690.9707668457838,9
690.9707668457838,9
690.9707668457838,9
690.9707668457838,9
690.9707668457838,9
690.9707668457838,9
690.9707668457838,9
690.9707668457838,9
690.9707668457838,9
690.9707668457838,9
690.9707668457838,9
690.9707668457838,9
690.9707668457838,9
690.9707668457838,9
690.9707668457838,9
690.9707668457838,9
690.9707668457838,9
690.9707668457838,9
690.9707668457838,9
690.9707668457838,9
690.9707668457838,9
690.9707668457838,9
690.9707668457838,9
690.9707668457838,9
690.9707668457838,9
690.9707668457838,9
690.9707668457838,9
690.9707668457838,9
690.9707668457838,9
690.9707668457838,9
690.9707668457838,9
690.9707668457838,9
690.9707668457838,9
690.9707668457838,9
690.9707668457838,9
690.9707668457838,9
690.9707668457838,9
690.9707668457838,9
690.9707668457838,9
690.9707668457838,9
690.9707668457838,9
690.9707668457838,9
690.9707668457838,9
690.9707668457838,9
690.9707668457838,9
690.9707668457838,9
690.9707668457838,9
690.9707668457838,9
690.9707668457838,9
690.9707668457838,9
690.9707668457838,9
690.9707668457838,9
690.9707668457838,9
690.9707668457838,9
690.9707668457838,9
690.9707668457838,9
690.9707668457838,9
690.9707668457838,9
690.9707668457838,9
690.9707668457838,9
690.9707668457838,9
690.9707668457838,9
690.9707668457838,9
690.9707668457838,9
690.9707668457838,9
690.9707668457838,9
690.9707668457838,9
690.9707668457838,9
690.9707668457838,9
690.9707668457838,9
690.9707668457838,9
690.9707668457838,9
690.9707668457838,9
690.9707668457838,9
690.9707668457838,9
690.9707668457838,9
690.9707668457838,9
690.9707668457838,9
690.9707668457838,9
690.9707668457838,9
690.9707668457838,9
690.9707668457838,9
690.9707668457838,9
690.9707668457838,9
690.9707668457838,9
690.9707668457838,9
690.9707668457838,9
690.9707668457838,9
690.9707668457838,9
690.9707668457838,9
690.9707668457838,9
690.9707668457838,9
690.9707668457838,9
690.9707668457838,9
690.9707668457838,9
690.9707668457838,9
690.9707668457838,9
690.9707668457838,9
690.9707668457838,9
690.9707668457838,9
690.9707668457838,9
690.9707668457838,9
690.9707668457838,9
690.9707668457838,9
690.9707668457838,9
690.9707668457838,9
690.9707668457838,9
690.9707668457838,9
