1246.1601802480777,24
1197.6191605855806,23
1197.6191605855806,23
1229.0928248443481,22
1197.9914888454146,21
1197.9914888454146,21
1190.0852175139541,21
1190.0852175139541,21
1163.517127342024,21
1163.517127342024,21
1202.0991526363025,20
1202.0991526363025,20
1202.0991526363025,20
1202.0991526363025,20
1202.0991526363025,20
1198.6088493424834,19
1198.6088493424834,19
1198.6088493424834,19
1198.6088493424834,19
1198.6088493424834,19
1198.6088493424834,19
1198.6088493424834,19
1198.6088493424834,19
1198.6088493424834,19
1179.6630432486754,18
1179.6630432486754,18
1179.6630432486754,18
1179.6630432486754,18
1179.6630432486754,18
1179.6630432486754,18
1179.6630432486754,18
1179.6630432486754,18
1179.6630432486754,18
1179.6630432486754,18
1173.6955960119574,18
1173.6955960119574,18
1194.2680381385196,17
1165.3469528836488,17
1128.1670574540171,17
1108.0504116660877,17
1108.0504116660877,17
1108.0504116660877,17
1108.0504116660877,17
1107.3857767162185,17
1092.8935326054918,17
1092.8935326054918,17
1092.8935326054918,17
1092.8935326054918,17
1045.4308327260871,16
1045.4308327260871,16
1045.4308327260871,16
1045.4308327260871,16
1045.4308327260871,16
1045.4308327260871,16
1045.4308327260871,16
1045.4308327260871,16
1033.7009045649318,16
1033.7009045649318,16
1033.7009045649318,16
1033.7009045649318,16
1033.7009045649318,16
1031.1196278152095,16
1031.1196278152095,16
1031.1196278152095,16
1031.1196278152095,16
1031.1196278152095,16
1031.1196278152095,16
1031.1196278152095,16
1031.1196278152095,16
997.082232582618,16
997.082232582618,16
978.3419120936414,16
978.3419120936414,16
1015.0689324151463,15
975.3891334140665,15
975.3891334140665,15
975.3891334140665,15
975.3891334140665,15
975.3891334140665,15
975.3891334140665,15
975.3891334140665,15
975.3891334140665,15
975.3891334140665,15
947.9800117827006,15
1032.7055388056044,14
1032.7055388056044,14
1032.7055388056044,14
1032.7055388056044,14
1032.7055388056044,14
1016.3952382040356,14
975.6907347852209,14
975.6907347852209,14
975.6907347852209,14
975.6907347852209,14
975.6907347852209,14
975.6907347852209,14
975.6907347852209,14
975.6907347852209,14
975.6907347852209,14
975.6907347852209,14
975.6907347852209,14
975.6907347852209,14
975.6907347852209,14
970.7386004350628,14
968.5417169242455,14
968.5417169242455,14
968.5417169242455,14
968.5417169242455,14
968.5417169242455,14
968.3187456768994,14
952.2314163226765,14
918.7529769480416,14
901.9055604582206,14
901.9055604582206,14
901.9055604582206,14
901.9055604582206,14
901.9055604582206,14
901.9055604582206,14
895.0581439683997,13
895.0581439683997,13
895.0581439683997,13
895.0581439683997,13
895.0581439683997,13
885.5187295926619,13
885.5187295926619,13
885.5187295926619,13
885.5187295926619,13
885.5187295926619,13
885.5187295926619,13
885.5187295926619,13
943.468344151341,12
943.468344151341,12
943.468344151341,12
943.468344151341,12
943.468344151341,12
943.468344151341,12
943.468344151341,12
912.9658199201469,12
912.9658199201469,12
910.7419907671956,12
910.7419907671956,12
904.3346386310516,12
904.3346386310516,12
904.3346386310516,12
904.3346386310516,12
904.3346386310516,12
896.2544165069485,11
896.2544165069485,11
896.2544165069485,11
896.2544165069485,11
891.2215529588509,11
891.2215529588509,11
890.1954234415591,11
890.1954234415591,11
890.1954234415591,11
890.1954234415591,11
890.1954234415591,11
890.1954234415591,11
890.1954234415591,11
890.1954234415591,11
890.1954234415591,11
890.1954234415591,11
890.1954234415591,11
883.983633336321,11
883.983633336321,11
873.983633336321,11
866.6755406132838,11
866.6755406132838,11
866.6755406132838,11
866.6755406132838,11
866.6755406132838,11
852.2757497998891,11
852.2757497998891,11
840.6733550800337,11
840.6733550800337,11
840.6733550800337,11
840.6733550800337,11
840.6733550800337,11
840.6733550800337,11
840.6733550800337,11
840.6733550800337,11
840.6733550800337,11
835.640300926972,11
835.640300926972,11
831.8357510509569,11
821.3412828461371,11
821.3412828461371,11
821.3412828461371,11
821.3412828461371,11
797.7006046004938,11
797.7006046004938,11
797.7006046004938,11
797.7006046004938,11
797.7006046004938,11
797.7006046004938,11
797.7006046004938,11
797.7006046004938,11
797.7006046004938,11
797.7006046004938,11
797.7006046004938,11
797.7006046004938,11
797.7006046004938,11
790.8531881106726,11
790.8531881106726,11
790.8531881106726,11
790.8531881106726,11
790.8531881106726,11
790.8531881106726,11
790.8531881106726,11
790.8531881106726,11
790.8531881106726,11
790.8531881106726,11
790.8531881106726,11
790.8531881106726,11
790.8531881106726,11
790.8531881106726,11
790.8531881106726,11
788.0168953333716,11
788.0168953333716,11
788.0168953333716,11
788.0168953333716,11
788.0168953333716,11
788.0168953333716,11
788.0168953333716,11
788.0168953333716,11
788.0168953333716,11
788.0168953333716,11
788.0168953333716,11
781.1694788435507,11
781.1694788435507,11
781.1694788435507,11
781.1694788435507,11
781.1694788435507,11
781.1694788435507,11
781.1694788435507,11
781.1694788435507,11
781.1694788435507,11
781.1694788435507,11
781.1694788435507,11
781.1694788435507,11
781.1694788435507,11
781.1694788435507,11
781.1694788435507,11
781.1694788435507,11
781.1694788435507,11
781.1694788435507,11
781.1694788435507,11
781.1694788435507,11
781.1694788435507,11
781.1694788435507,11
781.1694788435507,11
781.1694788435507,11
781.1694788435507,11
781.1694788435507,11
781.1694788435507,11
781.1694788435507,11
781.1694788435507,11
781.1694788435507,11
781.1694788435507,11
781.1694788435507,11
781.1694788435507,11
781.1694788435507,11
781.1694788435507,11
781.1694788435507,11
781.1694788435507,11
781.1694788435507,11
781.1694788435507,11
781.1694788435507,11
781.1694788435507,11
781.1694788435507,11
781.1694788435507,11
781.1694788435507,11
781.1694788435507,11
781.1694788435507,11
781.1694788435507,11
781.1694788435507,11
781.1694788435507,11
781.1694788435507,11
794.856947995962,10
794.856947995962,10
794.856947995962,10
794.856947995962,10
794.856947995962,10
794.856947995962,10
794.856947995962,10
794.856947995962,10
794.856947995962,10
792.8652198076211,10
792.8652198076211,10
776.0178033177999,10
776.0178033177999,10
776.0178033177999,10
776.0178033177999,10
776.0178033177999,10
776.0178033177999,10
776.0178033177999,10
776.0178033177999,10
776.0178033177999,10
776.0178033177999,10
776.0178033177999,10
776.0178033177999,10
776.0178033177999,10
776.0178033177999,10
776.0178033177999,10
776.0178033177999,10
776.0178033177999,10
776.0178033177999,10
776.0178033177999,10
776.0178033177999,10
776.0178033177999,10
776.0178033177999,10
776.0178033177999,10
776.0178033177999,10
776.0178033177999,10
776.0178033177999,10
776.0178033177999,10
776.0178033177999,10
776.0178033177999,10
776.0178033177999,10
776.0178033177999,10
776.0178033177999,10
776.0178033177999,10
776.0178033177999,10
776.0178033177999,10
776.0178033177999,10
776.0178033177999,10
776.0178033177999,10
776.0178033177999,10
776.0178033177999,10
766.061563397981,10
766.061563397981,10
766.061563397981,10
766.061563397981,10
766.061563397981,10
766.061563397981,10
766.061563397981,10
766.061563397981,10
766.061563397981,10
766.061563397981,10
766.061563397981,10
766.061563397981,10
766.061563397981,10
766.061563397981,10
766.061563397981,10
766.061563397981,10
766.061563397981,10
766.061563397981,10
766.061563397981,10
766.061563397981,10
766.061563397981,10
766.061563397981,10
766.061563397981,10
766.061563397981,10
766.061563397981,10
766.061563397981,10
766.061563397981,10
766.061563397981,10
766.061563397981,10
766.061563397981,10
766.061563397981,10
766.061563397981,10
754.7535666637846,10
754.7535666637846,10
754.7535666637846,10
754.7535666637846,10
754.7535666637846,10
754.7535666637846,10
754.7535666637846,10
754.7535666637846,10
754.7535666637846,10
754.7535666637846,10
754.7535666637846,10
754.7535666637846,10
754.7535666637846,10
754.7535666637846,10
754.7535666637846,10
754.7535666637846,10
754.7535666637846,10
754.7535666637846,10
754.7535666637846,10
754.7535666637846,10
754.7535666637846,10
754.7535666637846,10
754.7535666637846,10
754.7535666637846,10
754.7535666637846,10
754.7535666637846,10
754.7535666637846,10
754.7535666637846,10
754.7535666637846,10
754.7535666637846,10
754.7535666637846,10
754.7535666637846,10
754.7535666637846,10
737.9061501739634,10
737.9061501739634,10
737.9061501739634,10
737.9061501739634,10
737.9061501739634,10
737.9061501739634,10
737.9061501739634,10
737.9061501739634,10
737.9061501739634,10
737.9061501739634,10
737.9061501739634,10
737.9061501739634,10
737.9061501739634,10
737.9061501739634,10
737.9061501739634,10
737.9061501739634,10
732.0650590609962,10
732.0650590609962,10
732.0650590609962,10
732.0650590609962,10
732.0650590609962,10
732.0650590609962,10
732.0650590609962,10
732.0650590609962,10
732.0650590609962,10
732.0650590609962,10
732.0650590609962,10
732.0650590609962,10
732.0650590609962,10
732.0650590609962,10
732.0650590609962,10
732.0650590609962,10
732.0650590609962,10
732.0650590609962,10
732.0650590609962,10
732.0650590609962,10
732.0650590609962,10
732.0650590609962,10
732.0650590609962,10
732.0650590609962,10
732.0650590609962,10
732.0650590609962,10
732.0650590609962,10
732.0650590609962,10
732.0650590609962,10
802.5912604097438,9
802.5912604097438,9
802.5912604097438,9
802.5912604097438,9
802.5912604097438,9
802.5912604097438,9
802.5912604097438,9
802.5912604097438,9
730.5396605856636,9
730.5396605856636,9
730.5396605856636,9
730.5396605856636,9
730.5396605856636,9
730.5396605856636,9
730.5396605856636,9
730.5396605856636,9
730.5396605856636,9
730.5396605856636,9
730.5396605856636,9
730.5396605856636,9
730.5396605856636,9
730.5396605856636,9
730.5396605856636,9
730.5396605856636,9
730.5396605856636,9
730.5396605856636,9
730.5396605856636,9
730.5396605856636,9
730.5396605856636,9
730.5396605856636,9
730.5396605856636,9
730.5396605856636,9
730.5396605856636,9
730.5396605856636,9
730.5396605856636,9
730.5396605856636,9
730.5396605856636,9
730.5396605856636,9
730.5396605856636,9
730.5396605856636,9
730.5396605856636,9
730.5396605856636,9
730.5396605856636,9
730.5396605856636,9
730.5396605856636,9
730.5396605856636,9
730.5396605856636,9
730.5396605856636,9
730.5396605856636,9
730.5396605856636,9
730.5396605856636,9
730.5396605856636,9
730.5396605856636,9
730.5396605856636,9
730.5396605856636,9
730.5396605856636,9
730.5396605856636,9
730.5396605856636,9
730.5396605856636,9
730.5396605856636,9
730.5396605856636,9
