pop_size: 100
num_of_iterations: 500
ratio_keep_best: 0.02
ratio_replace_worst: 0.1
ratio_generate_new: 0.1
{'fitness': 1874.0736061529035, 'affinity': 0.0005335969711738266, 'distance': 774.0736061529035, 'vehicles': 11, 'path': [0, 21, 4, 25, 0, 12, 0, 19, 8, 0, 14, 15, 0, 5, 16, 0, 9, 3, 24, 0, 11, 10, 0, 20, 1, 0, 18, 6, 17, 0, 2, 13, 0, 23, 22, 0, 7, 0], 'pick_chance': 0.006246745426052256}
{'fitness': 1524.2492762797972, 'affinity': 0.0006560606690532133, 'distance': 724.2492762797972, 'vehicles': 8, 'path': [0, 23, 22, 0, 7, 20, 1, 0, 12, 9, 3, 24, 25, 0, 21, 4, 0, 16, 6, 17, 0, 14, 15, 13, 0, 2, 18, 0, 5, 8, 10, 0, 11, 19, 0], 'pick_chance': 0.006056014126839362}
{'fitness': 1607.6733537699133, 'affinity': 0.000622016902659393, 'distance': 707.6733537699134, 'vehicles': 9, 'path': [0, 2, 21, 13, 0, 11, 10, 0, 23, 25, 0, 18, 0, 15, 22, 4, 0, 14, 16, 6, 0, 3, 24, 0, 5, 19, 8, 17, 0, 7, 0, 12, 9, 20, 1, 0], 'pick_chance': 0.006008891133400693}
{'fitness': 1345.41355072021, 'affinity': 0.0007432658898557195, 'distance': 645.4135507202101, 'vehicles': 7, 'path': [0, 5, 16, 0, 14, 15, 22, 4, 0, 7, 8, 17, 0, 18, 0, 11, 19, 10, 0, 12, 9, 20, 1, 0, 2, 21, 6, 13, 0, 23, 3, 24, 25, 0], 'pick_chance': 0.005733264830181505}
{'fitness': 1486.3469006653563, 'affinity': 0.0006727904498958855, 'distance': 686.3469006653562, 'vehicles': 8, 'path': [0, 23, 22, 0, 12, 9, 3, 24, 0, 11, 10, 0, 18, 6, 0, 16, 17, 0, 7, 8, 0, 5, 19, 20, 1, 0, 14, 15, 13, 0, 2, 21, 4, 25, 0], 'pick_chance': 0.005924908885895652}
{'fitness': 1712.0277604996738, 'affinity': 0.0005841026781645989, 'distance': 712.0277604996738, 'vehicles': 10, 'path': [0, 3, 24, 0, 11, 10, 1, 0, 13, 0, 12, 9, 20, 0, 7, 0, 23, 22, 0, 14, 15, 0, 19, 8, 0, 18, 6, 0, 5, 16, 17, 0, 2, 21, 4, 25, 0], 'pick_chance': 0.006123312563348186}
{'fitness': 1597.4153770573607, 'affinity': 0.000626011251902511, 'distance': 697.4153770573607, 'vehicles': 9, 'path': [0, 23, 4, 25, 0, 11, 19, 0, 15, 13, 0, 14, 16, 6, 0, 10, 1, 0, 9, 20, 0, 5, 7, 8, 17, 0, 2, 21, 22, 0, 18, 0, 12, 3, 24, 0], 'pick_chance': 0.006060302170839793}
{'fitness': 1452.706900248848, 'affinity': 0.0006883701039959957, 'distance': 652.7069002488478, 'vehicles': 8, 'path': [0, 23, 22, 4, 0, 5, 7, 8, 17, 0, 12, 3, 24, 25, 0, 18, 0, 14, 15, 0, 16, 6, 0, 11, 19, 10, 0, 9, 20, 1, 0, 2, 21, 13, 0], 'pick_chance': 0.005786913257818776}
{'fitness': 1452.706900248848, 'affinity': 0.0006883701039959957, 'distance': 652.7069002488478, 'vehicles': 8, 'path': [0, 16, 6, 0, 12, 3, 24, 0, 9, 20, 1, 0, 18, 0, 11, 19, 10, 0, 2, 21, 13, 0, 23, 22, 4, 25, 0, 5, 7, 8, 17, 0, 14, 15, 0], 'pick_chance': 0.005780854620666651}
{'fitness': 1630.5396605856636, 'affinity': 0.0006132938831066618, 'distance': 730.5396605856636, 'vehicles': 9, 'path': [0, 2, 21, 0, 14, 15, 0, 23, 22, 4, 0, 7, 10, 1, 0, 5, 16, 17, 0, 18, 6, 0, 11, 19, 24, 25, 0, 9, 20, 0, 8, 0, 12, 3, 13, 0], 'pick_chance': 0.006180786362101586}
{'fitness': 1610.3589483289848, 'affinity': 0.0006209795654798989, 'distance': 710.3589483289848, 'vehicles': 9, 'path': [0, 12, 3, 1, 0, 23, 24, 25, 0, 9, 20, 0, 18, 10, 0, 15, 22, 4, 0, 2, 21, 13, 0, 11, 19, 0, 14, 16, 17, 0, 5, 6, 0, 7, 8, 0], 'pick_chance': 0.005914172006392135}
{'fitness': 1494.0074398130128, 'affinity': 0.0006693407096588208, 'distance': 694.0074398130129, 'vehicles': 8, 'path': [0, 23, 4, 25, 0, 14, 16, 17, 0, 7, 8, 1, 0, 11, 19, 10, 0, 12, 3, 24, 0, 5, 9, 20, 0, 15, 6, 0, 2, 21, 22, 13, 0, 18, 0], 'pick_chance': 0.005989307769264666}
{'fitness': 1489.7370296604145, 'affinity': 0.0006712594102785711, 'distance': 689.7370296604146, 'vehicles': 8, 'path': [0, 23, 4, 25, 0, 2, 21, 3, 1, 0, 7, 8, 0, 5, 16, 0, 9, 20, 0, 11, 19, 10, 0, 12, 24, 0, 18, 6, 17, 0, 14, 15, 22, 13, 0], 'pick_chance': 0.005898300798179939}
{'fitness': 1738.580875550283, 'affinity': 0.000575181755455286, 'distance': 738.580875550283, 'vehicles': 10, 'path': [0, 9, 3, 24, 0, 7, 8, 17, 0, 23, 25, 0, 15, 22, 0, 12, 0, 5, 18, 0, 14, 16, 6, 13, 0, 19, 10, 0, 21, 4, 0, 11, 20, 1, 0, 2, 0], 'pick_chance': 0.006141926499100871}
{'fitness': 1620.5253728289501, 'affinity': 0.0006170838277306949, 'distance': 720.5253728289501, 'vehicles': 9, 'path': [0, 12, 3, 0, 16, 17, 0, 9, 20, 1, 0, 11, 10, 0, 23, 25, 0, 14, 15, 22, 4, 0, 18, 6, 13, 0, 2, 21, 24, 0, 5, 19, 8, 0, 7, 0], 'pick_chance': 0.00561611268578661}
{'fitness': 1594.9032113132262, 'affinity': 0.0006269972954513087, 'distance': 694.9032113132262, 'vehicles': 9, 'path': [0, 14, 16, 6, 0, 12, 3, 24, 25, 0, 2, 21, 4, 0, 19, 8, 17, 0, 11, 10, 1, 0, 5, 18, 0, 23, 22, 0, 15, 13, 0, 9, 20, 0, 7, 0], 'pick_chance': 0.006010532022027166}
{'fitness': 1449.1089711320312, 'affinity': 0.0006900792279401933, 'distance': 649.1089711320312, 'vehicles': 8, 'path': [0, 2, 0, 14, 15, 13, 0, 23, 22, 4, 0, 18, 0, 11, 19, 10, 1, 0, 12, 9, 20, 0, 5, 16, 6, 0, 21, 3, 24, 25, 0, 7, 8, 17, 0], 'pick_chance': 0.0059541255580557876}
{'fitness': 1344.2671537745364, 'affinity': 0.0007438997502781521, 'distance': 644.2671537745363, 'vehicles': 7, 'path': [0, 23, 4, 25, 0, 5, 16, 6, 0, 7, 8, 17, 0, 11, 19, 10, 0, 12, 9, 20, 1, 0, 2, 18, 0, 14, 15, 22, 13, 0, 21, 3, 24, 0], 'pick_chance': 0.005730679113030208}
{'fitness': 1590.9707668457838, 'affinity': 0.0006285470612276385, 'distance': 690.9707668457838, 'vehicles': 9, 'path': [0, 12, 3, 0, 23, 22, 0, 14, 16, 17, 0, 15, 6, 13, 0, 5, 7, 8, 0, 2, 21, 4, 0, 9, 20, 1, 0, 11, 19, 10, 0, 24, 25, 0, 18, 0], 'pick_chance': 0.0061677383002989705}
{'fitness': 1646.035442617608, 'affinity': 0.000607520332860968, 'distance': 746.0354426176079, 'vehicles': 9, 'path': [0, 12, 3, 24, 0, 16, 13, 0, 9, 20, 0, 21, 6, 4, 0, 11, 19, 10, 0, 23, 25, 0, 7, 8, 17, 0, 5, 18, 1, 0, 14, 15, 22, 0, 2, 0], 'pick_chance': 0.0062323412085027495}